# Time(sec) X(nm) Y(nm) Z(nm) Bead-ID
1.749060918496211767e+09 9.910573673723878528e+03 9.955482553629017275e+03 5.218847431150564807e+04 0.000000000000000000e+00
1.749060918496211767e+09 1.053751574218340647e+04 1.045606464806996519e+04 5.145782982379012537e+04 1.000000000000000000e+00
1.749060918496211767e+09 9.987402973271782685e+03 1.007442108783893127e+04 5.217133872556999268e+04 2.000000000000000000e+00
1.749060918552421093e+09 9.908898354524217211e+03 9.954513728555897615e+03 5.218755210554077348e+04 0.000000000000000000e+00
1.749060918552421093e+09 1.053920445635113356e+04 1.041761354665804538e+04 5.152883333293861506e+04 1.000000000000000000e+00
1.749060918552421093e+09 9.962699874373663988e+03 1.009367398878534732e+04 5.217295988669234794e+04 2.000000000000000000e+00
1.749060918608630657e+09 9.908111725412360101e+03 9.952477195211233266e+03 5.218999904441267427e+04 0.000000000000000000e+00
1.749060918608630657e+09 1.061231726041727234e+04 1.039789919111281051e+04 5.143283665007210948e+04 1.000000000000000000e+00
1.749060918608630657e+09 9.964789612333646801e+03 1.005843327882372432e+04 5.217713841547185439e+04 2.000000000000000000e+00
1.749060918664840221e+09 9.909921883332675861e+03 9.956657264234801914e+03 5.218957603408073192e+04 0.000000000000000000e+00
1.749060918664840221e+09 1.074024786286222661e+04 1.024807979312035604e+04 5.140382618279401504e+04 1.000000000000000000e+00
1.749060918664840221e+09 9.960913393443119276e+03 1.003491089793778156e+04 5.217598264344295603e+04 2.000000000000000000e+00
1.749060918721049786e+09 9.909402812536502097e+03 9.957381575218279977e+03 5.218936527587030287e+04 0.000000000000000000e+00
1.749060918721049786e+09 1.074153350104891251e+04 1.056790670489153308e+04 5.128063215492113522e+04 1.000000000000000000e+00
1.749060918721049786e+09 9.968929079906094557e+03 1.003708626661028757e+04 5.217427559996420314e+04 2.000000000000000000e+00
1.749060918777259350e+09 9.910491403624022496e+03 9.957596253244784748e+03 5.218813808714670449e+04 0.000000000000000000e+00
1.749060918777259350e+09 1.061538327696395572e+04 1.056535198016034519e+04 5.139615987207346188e+04 1.000000000000000000e+00
1.749060918777259350e+09 9.980637730757393001e+03 1.005608921840641415e+04 5.217078439694682311e+04 2.000000000000000000e+00
1.749060918833468676e+09 9.910461940262353892e+03 9.958480321187180380e+03 5.218724855676198058e+04 0.000000000000000000e+00
1.749060918833468676e+09 1.052571657865926500e+04 1.049331265711555534e+04 5.139574759664198064e+04 1.000000000000000000e+00
1.749060918833468676e+09 9.956808076915900529e+03 1.005479710657595388e+04 5.217432914707225427e+04 2.000000000000000000e+00
1.749060918889678240e+09 9.909536696701245091e+03 9.952783295377299510e+03 5.218969133639484062e+04 0.000000000000000000e+00
1.749060918889678240e+09 1.053960100074901311e+04 1.035133085569555442e+04 5.146919760518549447e+04 1.000000000000000000e+00
1.749060918889678240e+09 9.971582491510411273e+03 1.006047888691233311e+04 5.217400181880806485e+04 2.000000000000000000e+00
1.749060918945887804e+09 9.908251364890245895e+03 9.954891646712885631e+03 5.219121738477661711e+04 0.000000000000000000e+00
1.749060918945887804e+09 1.056330285563643156e+04 1.026936873681685756e+04 5.151695595479223266e+04 1.000000000000000000e+00
1.749060918945887804e+09 1.000349374440410429e+04 1.007863366924223010e+04 5.216980465024572186e+04 2.000000000000000000e+00
1.749060919002097368e+09 9.905672952825918401e+03 9.954716461861520656e+03 5.219274860849466495e+04 0.000000000000000000e+00
1.749060919002097368e+09 1.077940772262209975e+04 1.044084367084644873e+04 5.140785908737399586e+04 1.000000000000000000e+00
1.749060919002097368e+09 9.974738174884620094e+03 1.007715331053709815e+04 5.217629031653257698e+04 2.000000000000000000e+00
1.749060919058306694e+09 9.910164937240775544e+03 9.952649813724510750e+03 5.219158939676220325e+04 0.000000000000000000e+00
1.749060919058306694e+09 1.074273435106930992e+04 1.034327539530828835e+04 5.145797170669311163e+04 1.000000000000000000e+00
1.749060919058306694e+09 9.967382596133911647e+03 1.005474578999134428e+04 5.217592201540590759e+04 2.000000000000000000e+00
1.749060919114516258e+09 9.911842172037888304e+03 9.958291890323780535e+03 5.219092476463714411e+04 0.000000000000000000e+00
1.749060919114516258e+09 1.084898392590633011e+04 1.039905328576744796e+04 5.149318471789880277e+04 1.000000000000000000e+00
1.749060919114516258e+09 9.989920525260618888e+03 1.008212409239858243e+04 5.217064829748433112e+04 2.000000000000000000e+00
1.749060919170725822e+09 9.911930720191125147e+03 9.954639062899355849e+03 5.219140566537001723e+04 0.000000000000000000e+00
1.749060919170725822e+09 1.095096828188481413e+04 1.034121844332958972e+04 5.140997383005370648e+04 1.000000000000000000e+00
1.749060919170725822e+09 9.974092557390660659e+03 1.006267001353538035e+04 5.217670399047069805e+04 2.000000000000000000e+00
1.749060919226935387e+09 9.911909927624721604e+03 9.955036795485129915e+03 5.219357539496484969e+04 0.000000000000000000e+00
1.749060919226935387e+09 1.093396681956089742e+04 1.035613376762311054e+04 5.147855049332186900e+04 1.000000000000000000e+00
1.749060919226935387e+09 9.958480289087283381e+03 1.007488700520380189e+04 5.218033665098130587e+04 2.000000000000000000e+00
1.749060919283144951e+09 9.909821946120075154e+03 9.950990150483556135e+03 5.219292502676618460e+04 0.000000000000000000e+00
1.749060919283144951e+09 1.092889913500664079e+04 1.036091455682799096e+04 5.150123957874205371e+04 1.000000000000000000e+00
1.749060919283144951e+09 9.954424337803606250e+03 1.004746080406539295e+04 5.217938251158659841e+04 2.000000000000000000e+00
1.749060919339354277e+09 9.914734620813555011e+03 9.953536081494805330e+03 5.219197079053605557e+04 0.000000000000000000e+00
1.749060919339354277e+09 1.115443975794733706e+04 1.030803766381284731e+04 5.164511488007505977e+04 1.000000000000000000e+00
1.749060919339354277e+09 9.954048726976106991e+03 1.001551622398457766e+04 5.218190085470152553e+04 2.000000000000000000e+00
1.749060919395563841e+09 9.913257083273985700e+03 9.953529435326374369e+03 5.219177497243881953e+04 0.000000000000000000e+00
1.749060919395563841e+09 1.107840514938002707e+04 1.009423936967993905e+04 5.142806953657839040e+04 1.000000000000000000e+00
1.749060919395563841e+09 9.944599856123042628e+03 1.005666682989783658e+04 5.217945234869968408e+04 2.000000000000000000e+00
1.749060919451773405e+09 9.910095184806903490e+03 9.955278953494796951e+03 5.219339903473621962e+04 0.000000000000000000e+00
1.749060919451773405e+09 1.087048951188000319e+04 9.987777596180991168e+03 5.147244664125290728e+04 1.000000000000000000e+00
1.749060919451773405e+09 9.956677932655222321e+03 1.001197621924578925e+04 5.218153717354412947e+04 2.000000000000000000e+00
1.749060919507982969e+09 9.912301479181063769e+03 9.955621538426856205e+03 5.219353644333693956e+04 0.000000000000000000e+00
1.749060919507982969e+09 1.064586560334937167e+04 1.021505405353733477e+04 5.145477829447208933e+04 1.000000000000000000e+00
1.749060919507982969e+09 9.998695963459664199e+03 1.008026123700865901e+04 5.217375560749413125e+04 2.000000000000000000e+00
1.749060919564192295e+09 9.912005999895816785e+03 9.952162886460944719e+03 5.219328791923751123e+04 0.000000000000000000e+00
1.749060919564192295e+09 1.077134878935104098e+04 1.013952852203657494e+04 5.141541056438411761e+04 1.000000000000000000e+00
1.749060919564192295e+09 9.959561965772980329e+03 1.003893580096531696e+04 5.218117778054020164e+04 2.000000000000000000e+00
1.749060919620401859e+09 9.914341334456317782e+03 9.951262473291208153e+03 5.219326052098224318e+04 0.000000000000000000e+00
1.749060919620401859e+09 1.086865434936428028e+04 1.037602515239502827e+04 5.136666807164566126e+04 1.000000000000000000e+00
1.749060919620401859e+09 9.993813496124583253e+03 1.003808368620638248e+04 5.217500303008435731e+04 2.000000000000000000e+00
1.749060919676611423e+09 9.911700854478842302e+03 9.956485838912351028e+03 5.219181428844303446e+04 0.000000000000000000e+00
1.749060919676611423e+09 1.093842744022094485e+04 1.039883168419750837e+04 5.142698517128579260e+04 1.000000000000000000e+00
1.749060919676611423e+09 9.988616209896608780e+03 1.003864103410235839e+04 5.217323315821489086e+04 2.000000000000000000e+00
1.749060919732820988e+09 9.912595835251262542e+03 9.952121251542263053e+03 5.219516699259786401e+04 0.000000000000000000e+00
1.749060919732820988e+09 1.100175030680598866e+04 1.070184313029957411e+04 5.150828031675092643e+04 1.000000000000000000e+00
1.749060919732820988e+09 9.999325156233793678e+03 1.005594965349493032e+04 5.217450394734148722e+04 2.000000000000000000e+00
1.749060919789030552e+09 9.916129291579374694e+03 9.950475950463571280e+03 5.219202788337220409e+04 0.000000000000000000e+00
1.749060919789030552e+09 1.121597610652998810e+04 1.070254906403752102e+04 5.159319061693207186e+04 1.000000000000000000e+00
1.749060919789030552e+09 9.992413785412250945e+03 1.006357831351112145e+04 5.217334743198517390e+04 2.000000000000000000e+00
1.749060919845239878e+09 9.913643362625718510e+03 9.952455700555266958e+03 5.219241956921087694e+04 0.000000000000000000e+00
1.749060919845239878e+09 1.106205064964580015e+04 1.084004439211832687e+04 5.160665922470526129e+04 1.000000000000000000e+00
1.749060919845239878e+09 9.999802602892377763e+03 1.004366305734672824e+04 5.217168508249833394e+04 2.000000000000000000e+00
1.749060919901449442e+09 9.915561759745993186e+03 9.949445273174875183e+03 5.219085432025409682e+04 0.000000000000000000e+00
1.749060919901449442e+09 1.113989050239617973e+04 1.072044165792212152e+04 5.164136533363916533e+04 1.000000000000000000e+00
1.749060919901449442e+09 9.988246014971551631e+03 1.006203725643733924e+04 5.217512119863876433e+04 2.000000000000000000e+00
1.749060919957659006e+09 9.915016832619459819e+03 9.951870075004737373e+03 5.219227742189997662e+04 0.000000000000000000e+00
1.749060919957659006e+09 1.098733825114365391e+04 1.084978476564181256e+04 5.152069186678716505e+04 1.000000000000000000e+00
1.749060919957659006e+09 9.982998985622354667e+03 1.007084596578780111e+04 5.217564703313074278e+04 2.000000000000000000e+00
1.749060920013868570e+09 9.913759352110728287e+03 9.954873416029358850e+03 5.219188176505707816e+04 0.000000000000000000e+00
1.749060920013868570e+09 1.109191223758065098e+04 1.080740183393970437e+04 5.146121915052628174e+04 1.000000000000000000e+00
1.749060920013868570e+09 9.937046192517746022e+03 1.006590438354740945e+04 5.218340319774401723e+04 2.000000000000000000e+00
1.749060920070077896e+09 9.915015204343097139e+03 9.951142903284440763e+03 5.219054712130544794e+04 0.000000000000000000e+00
1.749060920070077896e+09 1.115854927611029598e+04 1.067737421821105090e+04 5.146817913062545995e+04 1.000000000000000000e+00
1.749060920070077896e+09 9.986446619944934355e+03 1.006385687497763320e+04 5.217416477802403824e+04 2.000000000000000000e+00
1.749060920126287460e+09 9.916559228166783214e+03 9.955884117946206970e+03 5.218960705601855443e+04 0.000000000000000000e+00
1.749060920126287460e+09 1.116964227331525763e+04 1.073631423365030241e+04 5.145101378812274925e+04 1.000000000000000000e+00
1.749060920126287460e+09 9.978980426659922159e+03 1.004362599671083626e+04 5.217716002529839898e+04 2.000000000000000000e+00
1.749060920182497025e+09 9.913177623735678935e+03 9.950702039127199896e+03 5.219089622252643312e+04 0.000000000000000000e+00
1.749060920182497025e+09 1.143787858059476275e+04 1.075173829063418270e+04 5.147582374338964291e+04 1.000000000000000000e+00
1.749060920182497025e+09 9.974070490169024197e+03 1.007007236131604259e+04 5.217567051091667963e+04 2.000000000000000000e+00
1.749060920238706589e+09 9.917151387213325506e+03 9.952189747645692478e+03 5.219136951101186423e+04 0.000000000000000000e+00
1.749060920238706589e+09 1.129301585385987164e+04 1.072859089152080924e+04 5.144033745785553037e+04 1.000000000000000000e+00
1.749060920238706589e+09 1.000724725669242252e+04 1.006150004260236346e+04 5.217189215296071052e+04 2.000000000000000000e+00
1.749060920294916153e+09 9.914353358752599888e+03 9.954959180871263015e+03 5.219402838562690158e+04 0.000000000000000000e+00
1.749060920294916153e+09 1.135233457351810830e+04 1.057577040808515812e+04 5.151929166160086606e+04 1.000000000000000000e+00
1.749060920294916153e+09 9.997970064702089076e+03 1.005671723794388890e+04 5.217566866296733497e+04 2.000000000000000000e+00
1.749060920351179123e+09 9.919355980254395035e+03 9.953507208473860373e+03 5.219113802663909155e+04 0.000000000000000000e+00
1.749060920351179123e+09 1.112575792248935431e+04 1.052113336822427300e+04 5.167016152516267175e+04 1.000000000000000000e+00
1.749060920351179123e+09 1.001788701762576420e+04 1.005786374799448095e+04 5.216883887509192573e+04 2.000000000000000000e+00
1.749060920407388687e+09 9.917561977055434909e+03 9.957365541856173877e+03 5.219085455572384672e+04 0.000000000000000000e+00
1.749060920407388687e+09 1.097077327319264441e+04 1.057999773470498258e+04 5.171647430604606052e+04 1.000000000000000000e+00
1.749060920407388687e+09 9.990390624381561793e+03 1.005196824843590730e+04 5.217492772544905893e+04 2.000000000000000000e+00
1.749060920463598013e+09 9.918940105083858725e+03 9.960717072986200947e+03 5.219158853580221330e+04 0.000000000000000000e+00
1.749060920463598013e+09 1.087018758891356993e+04 1.045105641415375430e+04 5.166797396278558153e+04 1.000000000000000000e+00
1.749060920463598013e+09 9.999185224132901567e+03 1.005914019578676380e+04 5.217391533182840067e+04 2.000000000000000000e+00
1.749060920519807577e+09 9.921497864817825757e+03 9.959907721186933486e+03 5.219266633038846339e+04 0.000000000000000000e+00
1.749060920519807577e+09 1.072943667839966656e+04 1.042111793088335071e+04 5.171484201980796934e+04 1.000000000000000000e+00
1.749060920519807577e+09 9.993067996785877767e+03 1.005922021125670472e+04 5.217500575097188994e+04 2.000000000000000000e+00
1.749060920576017141e+09 9.918361971019197881e+03 9.960880832713057316e+03 5.219500629156078503e+04 0.000000000000000000e+00
1.749060920576017141e+09 1.048890262983444518e+04 1.047042586219498480e+04 5.178047365809516486e+04 1.000000000000000000e+00
1.749060920576017141e+09 9.999039522787905298e+03 1.007687703106065237e+04 5.217556044109128561e+04 2.000000000000000000e+00
1.749060920632226706e+09 9.920975925310069215e+03 9.958275984205971326e+03 5.219178367968948442e+04 0.000000000000000000e+00
1.749060920632226706e+09 1.039730139777815202e+04 1.050398191670905726e+04 5.173952275384427048e+04 1.000000000000000000e+00
1.749060920632226706e+09 1.000410077944204750e+04 1.007818473378644012e+04 5.217215694015537883e+04 2.000000000000000000e+00
1.749060920688436270e+09 9.920194096890601941e+03 9.959893625169686857e+03 5.219270387574865163e+04 0.000000000000000000e+00
1.749060920688436270e+09 1.045260167908020230e+04 1.057279665991532056e+04 5.160078647609143081e+04 1.000000000000000000e+00
1.749060920688436270e+09 9.989460267447866499e+03 1.005102456112497021e+04 5.217498772422699403e+04 2.000000000000000000e+00
1.749060920744645596e+09 9.921516461558168885e+03 9.959761006745357008e+03 5.219199336206365115e+04 0.000000000000000000e+00
1.749060920744645596e+09 1.040520081990594190e+04 1.060534731456014197e+04 5.161536936376746598e+04 1.000000000000000000e+00
1.749060920744645596e+09 9.967238099389427589e+03 1.004557359582923527e+04 5.217805783148700721e+04 2.000000000000000000e+00
1.749060920800855160e+09 9.919960487007081610e+03 9.959426641310239575e+03 5.219190276641414675e+04 0.000000000000000000e+00
1.749060920800855160e+09 1.070745786464912817e+04 1.063082344737215499e+04 5.159021266478034522e+04 1.000000000000000000e+00
1.749060920800855160e+09 9.977916660720034997e+03 1.007267293058559699e+04 5.217529430640165083e+04 2.000000000000000000e+00
1.749060920857064724e+09 9.915780244113258959e+03 9.959259158560997093e+03 5.219294876129970362e+04 0.000000000000000000e+00
1.749060920857064724e+09 1.072975324632410775e+04 1.073753541427384880e+04 5.155430521433225658e+04 1.000000000000000000e+00
1.749060920857064724e+09 9.958331179567807339e+03 1.006391073177138605e+04 5.218032065957228042e+04 2.000000000000000000e+00
1.749060920913274288e+09 9.916800971547452718e+03 9.960624212649876426e+03 5.219415323732673278e+04 0.000000000000000000e+00
1.749060920913274288e+09 1.085901531208110646e+04 1.071292927869487357e+04 5.152695055552970734e+04 1.000000000000000000e+00
1.749060920913274288e+09 9.994594544750594650e+03 1.005572116645411552e+04 5.217460699215412751e+04 2.000000000000000000e+00
1.749060920969483614e+09 9.920993056168592375e+03 9.958403569259924552e+03 5.219042380091668019e+04 0.000000000000000000e+00
1.749060920969483614e+09 1.063285902628877375e+04 1.083427136396209607e+04 5.140514241088497511e+04 1.000000000000000000e+00
1.749060920969483614e+09 9.983071576656529942e+03 1.004677584570604085e+04 5.217726570295970305e+04 2.000000000000000000e+00
1.749060921025693178e+09 9.916806488249656468e+03 9.956737943345213353e+03 5.219400864057903527e+04 0.000000000000000000e+00
1.749060921025693178e+09 1.058751604996512833e+04 1.114596617852667259e+04 5.138407780049882422e+04 1.000000000000000000e+00
1.749060921025693178e+09 9.994169887994255987e+03 1.004386630032794710e+04 5.217742825005339546e+04 2.000000000000000000e+00
1.749060921081902742e+09 9.918357869283661785e+03 9.960317197866328570e+03 5.219559520237276593e+04 0.000000000000000000e+00
1.749060921081902742e+09 1.068558334480706799e+04 1.106668360272094651e+04 5.143848823068436468e+04 1.000000000000000000e+00
1.749060921081902742e+09 9.986658364612758305e+03 1.006798149462943184e+04 5.217524742354710179e+04 2.000000000000000000e+00
1.749060921138112307e+09 9.918670929882433484e+03 9.956332639064770774e+03 5.219178963491790637e+04 0.000000000000000000e+00
1.749060921138112307e+09 1.066026547469404068e+04 1.073557052899650444e+04 5.137217649264630018e+04 1.000000000000000000e+00
1.749060921138112307e+09 9.973360237410062837e+03 1.002478121214175189e+04 5.217822968207520898e+04 2.000000000000000000e+00
1.749060921194321871e+09 9.919752305897180122e+03 9.957245081979144743e+03 5.219370962499113375e+04 0.000000000000000000e+00
1.749060921194321871e+09 1.045470359004499005e+04 1.068432833322304759e+04 5.133672915978663514e+04 1.000000000000000000e+00
1.749060921194321871e+09 9.989802199219422619e+03 1.006062422803374284e+04 5.217528534761776973e+04 2.000000000000000000e+00
1.749060921250531197e+09 9.920161868911116471e+03 9.957203570359999503e+03 5.219637782453264663e+04 0.000000000000000000e+00
1.749060921250531197e+09 1.042840980039316128e+04 1.068947635309645193e+04 5.131603855726901384e+04 1.000000000000000000e+00
1.749060921250531197e+09 9.988892120273525506e+03 1.007029614615493665e+04 5.217811806301048637e+04 2.000000000000000000e+00
1.749060921306740761e+09 9.916354181064598379e+03 9.955786471150127909e+03 5.219797939497763582e+04 0.000000000000000000e+00
1.749060921306740761e+09 1.042183461069939767e+04 1.072469916974622720e+04 5.140196669036371895e+04 1.000000000000000000e+00
1.749060921306740761e+09 9.998150860352667223e+03 1.004840521119002915e+04 5.217769191775138461e+04 2.000000000000000000e+00
1.749060921362950325e+09 9.915812314960614458e+03 9.957080898408974463e+03 5.219517340209787653e+04 0.000000000000000000e+00
1.749060921362950325e+09 1.052850562194081067e+04 1.073377705455187242e+04 5.131557444019178365e+04 1.000000000000000000e+00
1.749060921362950325e+09 9.972565404901330112e+03 1.003816904553462882e+04 5.218111126182912267e+04 2.000000000000000000e+00
1.749060921419159889e+09 9.919371788421512974e+03 9.955050028492172714e+03 5.219378192048084748e+04 0.000000000000000000e+00
1.749060921419159889e+09 1.063982075756182712e+04 1.068928312278195153e+04 5.126716296673050965e+04 1.000000000000000000e+00
1.749060921419159889e+09 9.982387557430029119e+03 1.004079403167587407e+04 5.217908001768802205e+04 2.000000000000000000e+00
1.749060921475369215e+09 9.916923166619499170e+03 9.954315786501978437e+03 5.219574043393336615e+04 0.000000000000000000e+00
1.749060921475369215e+09 1.059623170688710888e+04 1.051947818490254576e+04 5.128803076491224783e+04 1.000000000000000000e+00
1.749060921475369215e+09 9.968197991189244931e+03 1.006708536096486205e+04 5.218287046112780081e+04 2.000000000000000000e+00
1.749060921531578779e+09 9.918130890096177609e+03 9.955365803425072954e+03 5.219094805364516651e+04 0.000000000000000000e+00
1.749060921531578779e+09 1.070116975019382335e+04 1.058782765852827833e+04 5.122372324785451201e+04 1.000000000000000000e+00
1.749060921531578779e+09 9.950323897188016417e+03 1.003334310388042832e+04 5.218298768571930123e+04 2.000000000000000000e+00
1.749060921587788343e+09 9.917839494904723324e+03 9.954222086288042192e+03 5.219255231252030353e+04 0.000000000000000000e+00
1.749060921587788343e+09 1.046586746940108424e+04 1.060590278145003867e+04 5.116232831860714214e+04 1.000000000000000000e+00
1.749060921587788343e+09 9.973306012023891526e+03 1.003279621486675569e+04 5.217949028423339769e+04 2.000000000000000000e+00
1.749060921643997908e+09 9.916584186710313588e+03 9.950744960360849291e+03 5.219180843381355953e+04 0.000000000000000000e+00
1.749060921643997908e+09 1.061692340051953397e+04 1.073099105773585325e+04 5.128851056826966669e+04 1.000000000000000000e+00
1.749060921643997908e+09 9.939907680596124919e+03 9.998671933575331423e+03 5.218465484435079998e+04 2.000000000000000000e+00
1.749060921700207472e+09 9.915596814977396207e+03 9.951969681115091589e+03 5.219209512505454040e+04 0.000000000000000000e+00
1.749060921700207472e+09 1.032509073952316066e+04 1.067503579128636557e+04 5.131694373051814910e+04 1.000000000000000000e+00
1.749060921700207472e+09 9.967598069435111029e+03 1.005850257160097863e+04 5.217734133199283679e+04 2.000000000000000000e+00
1.749060921756416798e+09 9.918697038693162540e+03 9.954830586866053636e+03 5.218976300421796623e+04 0.000000000000000000e+00
1.749060921756416798e+09 1.017199505824468361e+04 1.063725251381997077e+04 5.133847869208140037e+04 1.000000000000000000e+00
1.749060921756416798e+09 9.992749626104778145e+03 1.005174136651888875e+04 5.217438830509789841e+04 2.000000000000000000e+00
1.749060921812626362e+09 9.913627529339748435e+03 9.953628716767125297e+03 5.219098067794551753e+04 0.000000000000000000e+00
1.749060921812626362e+09 1.027979470181509350e+04 1.063561847397353267e+04 5.126545407627685199e+04 1.000000000000000000e+00
1.749060921812626362e+09 9.925038175604342541e+03 1.000038797601048464e+04 5.218538780590950773e+04 2.000000000000000000e+00
1.749060921868835926e+09 9.914561239144148203e+03 9.952922181896925395e+03 5.219242433215583151e+04 0.000000000000000000e+00
1.749060921868835926e+09 1.043247120305406497e+04 1.058997538591410921e+04 5.140805784252285957e+04 1.000000000000000000e+00
1.749060921868835926e+09 9.977706830862880452e+03 1.004781392705459803e+04 5.217654338056247798e+04 2.000000000000000000e+00
1.749060921925045490e+09 9.916364438717433586e+03 9.956490739253747961e+03 5.219135648596419196e+04 0.000000000000000000e+00
1.749060921925045490e+09 1.054719643827079562e+04 1.052659422229587835e+04 5.142942910170646064e+04 1.000000000000000000e+00
1.749060921925045490e+09 9.978988504209546591e+03 1.006746629554017272e+04 5.217701311552698462e+04 2.000000000000000000e+00
1.749060921981254816e+09 9.910155279153159427e+03 9.953686618505171282e+03 5.219367264934365085e+04 0.000000000000000000e+00
1.749060921981254816e+09 1.045014210016178913e+04 1.062329422918702403e+04 5.136580163840581372e+04 1.000000000000000000e+00
1.749060921981254816e+09 9.989094072972895447e+03 1.003986330755282506e+04 5.217525510937858780e+04 2.000000000000000000e+00
1.749060922037464380e+09 9.912293682270948921e+03 9.955234652959610685e+03 5.219228896802729287e+04 0.000000000000000000e+00
1.749060922037464380e+09 1.039351225695489120e+04 1.073080104030591792e+04 5.133201085809147480e+04 1.000000000000000000e+00
1.749060922037464380e+09 9.977910632991775856e+03 1.004598382985997705e+04 5.217608758737733297e+04 2.000000000000000000e+00
1.749060922093673944e+09 9.916928102745358046e+03 9.951980105102915331e+03 5.219102161219253321e+04 0.000000000000000000e+00
1.749060922093673944e+09 1.044007057719576187e+04 1.081846404208350941e+04 5.129766320971897949e+04 1.000000000000000000e+00
1.749060922093673944e+09 9.969821082718919570e+03 1.006208891069890160e+04 5.217896150037492771e+04 2.000000000000000000e+00
1.749060922149883509e+09 9.913753598052146117e+03 9.954445040836706539e+03 5.219057556440037297e+04 0.000000000000000000e+00
1.749060922149883509e+09 1.042455270490798648e+04 1.088143067799028177e+04 5.142115369757791632e+04 1.000000000000000000e+00
1.749060922149883509e+09 9.998839050162390777e+03 1.006568033725505302e+04 5.217152607629958220e+04 2.000000000000000000e+00
1.749060922206093073e+09 9.915134819758124650e+03 9.954065676880738465e+03 5.219110163379489677e+04 0.000000000000000000e+00
1.749060922206093073e+09 1.045454490146379794e+04 1.094220479672085276e+04 5.147157644258592336e+04 1.000000000000000000e+00
1.749060922206093073e+09 9.993200629322995155e+03 1.006011382635208247e+04 5.217351094293992355e+04 2.000000000000000000e+00
1.749060922262302399e+09 9.909230815394561432e+03 9.950500633130997812e+03 5.219130855741164123e+04 0.000000000000000000e+00
1.749060922262302399e+09 1.042549395982135320e+04 1.116174522531931871e+04 5.151987633893745806e+04 1.000000000000000000e+00
1.749060922262302399e+09 9.984384136724862401e+03 1.005591676256836399e+04 5.217447590495881013e+04 2.000000000000000000e+00
1.749060922318511963e+09 9.915034841262764530e+03 9.954861562867623434e+03 5.219064112350752112e+04 0.000000000000000000e+00
1.749060922318511963e+09 1.055055661589135343e+04 1.106261858462557029e+04 5.157250315296283952e+04 1.000000000000000000e+00
1.749060922318511963e+09 9.964349344298800133e+03 1.006813094180289954e+04 5.217742191583932436e+04 2.000000000000000000e+00
1.749060922374774933e+09 9.915168853819313881e+03 9.954885841321949556e+03 5.219110354955605726e+04 0.000000000000000000e+00
1.749060922374774933e+09 1.042374552311580737e+04 1.097419305517928115e+04 5.159561886280199542e+04 1.000000000000000000e+00
1.749060922374774933e+09 9.976038115047422252e+03 1.006034358882632478e+04 5.217793030772128986e+04 2.000000000000000000e+00
1.749060922430984497e+09 9.910256422936676245e+03 9.951371220175358758e+03 5.219227943779154884e+04 0.000000000000000000e+00
1.749060922430984497e+09 1.056763777970784031e+04 1.131246518862892481e+04 5.162918680660224345e+04 1.000000000000000000e+00
1.749060922430984497e+09 9.935400786068154048e+03 1.006376717614109839e+04 5.218379951024570619e+04 2.000000000000000000e+00
1.749060922487194061e+09 9.910784720147416010e+03 9.959066293490588578e+03 5.218975599378676270e+04 0.000000000000000000e+00
1.749060922487194061e+09 1.055671726983039116e+04 1.133034716574372396e+04 5.171621056443068665e+04 1.000000000000000000e+00
1.749060922487194061e+09 9.965047036849951837e+03 1.006454180957897552e+04 5.217668357927618490e+04 2.000000000000000000e+00
1.749060922543403625e+09 9.915251242209862539e+03 9.956200774330854983e+03 5.219233657651451358e+04 0.000000000000000000e+00
1.749060922543403625e+09 1.053091072297279970e+04 1.131287959447614412e+04 5.167137430580543150e+04 1.000000000000000000e+00
1.749060922543403625e+09 9.938313065786478546e+03 1.004216685184374728e+04 5.218360228300269227e+04 2.000000000000000000e+00
1.749060922599613190e+09 9.917660600581950348e+03 9.958108933680403425e+03 5.218890074974458548e+04 0.000000000000000000e+00
1.749060922599613190e+09 1.055592141269850799e+04 1.128554150571301579e+04 5.169159787997954845e+04 1.000000000000000000e+00
1.749060922599613190e+09 9.977747479397865391e+03 1.003041449606110655e+04 5.217492629479434981e+04 2.000000000000000000e+00
1.749060922655822515e+09 9.917374740800278232e+03 9.958411363386669109e+03 5.219088692688031006e+04 0.000000000000000000e+00
1.749060922655822515e+09 1.062539051590786767e+04 1.107700721033950140e+04 5.159465148469847918e+04 1.000000000000000000e+00
1.749060922655822515e+09 9.968889838375787804e+03 1.003618467046491241e+04 5.217757032314070966e+04 2.000000000000000000e+00
1.749060922712032080e+09 9.913890479351148315e+03 9.955297130700499110e+03 5.219033228703488567e+04 0.000000000000000000e+00
1.749060922712032080e+09 1.044945140008719682e+04 1.077783695475510831e+04 5.154459021543736162e+04 1.000000000000000000e+00
1.749060922712032080e+09 1.000113051849275689e+04 1.006130156788094246e+04 5.217184987753874884e+04 2.000000000000000000e+00
1.749060922768241644e+09 9.915895906592000756e+03 9.957113479451505555e+03 5.219324659670299297e+04 0.000000000000000000e+00
1.749060922768241644e+09 1.041512917946159905e+04 1.078049716598254599e+04 5.158454871444629680e+04 1.000000000000000000e+00
1.749060922768241644e+09 1.001494217432475671e+04 1.005130697086115288e+04 5.217166575637411006e+04 2.000000000000000000e+00
1.749060922824451208e+09 9.916770531424192086e+03 9.955083949002639201e+03 5.219221081602000049e+04 0.000000000000000000e+00
1.749060922824451208e+09 1.024924608335845551e+04 1.090831278349314016e+04 5.152168110913457349e+04 1.000000000000000000e+00
1.749060922824451208e+09 9.990177772235147131e+03 1.005476736424404771e+04 5.217708751504099928e+04 2.000000000000000000e+00
1.749060922880660534e+09 9.915556528882842031e+03 9.955804726514052163e+03 5.219207591368843714e+04 0.000000000000000000e+00
1.749060922880660534e+09 1.019694392084131323e+04 1.099853932499299117e+04 5.155868337550784781e+04 1.000000000000000000e+00
1.749060922880660534e+09 1.001013306633831598e+04 1.001294353332525498e+04 5.217167884552053147e+04 2.000000000000000000e+00
1.749060922936870098e+09 9.919102817534305359e+03 9.957481745941573536e+03 5.219293560753065685e+04 0.000000000000000000e+00
1.749060922936870098e+09 1.030950877389082962e+04 1.084794718147588355e+04 5.147531444400463079e+04 1.000000000000000000e+00
1.749060922936870098e+09 1.000861705228652318e+04 9.983486470503108649e+03 5.217716063743065752e+04 2.000000000000000000e+00
1.749060922993079662e+09 9.914916004388858710e+03 9.954372812350868116e+03 5.219513221330563101e+04 0.000000000000000000e+00
1.749060922993079662e+09 1.048013202056951741e+04 1.079700830760624558e+04 5.150660137270261475e+04 1.000000000000000000e+00
1.749060922993079662e+09 1.002106247219770557e+04 1.003633918175242070e+04 5.217181957263316144e+04 2.000000000000000000e+00
1.749060923049289227e+09 9.919909238481093780e+03 9.955924512171110109e+03 5.219331468431460962e+04 0.000000000000000000e+00
1.749060923049289227e+09 1.053929201319407002e+04 1.076629344112335821e+04 5.150268225301353959e+04 1.000000000000000000e+00
1.749060923049289227e+09 9.974624088884134835e+03 1.004299373958304932e+04 5.217984965760331397e+04 2.000000000000000000e+00
1.749060923105498791e+09 9.919661594181789042e+03 9.955407524067919439e+03 5.219661092487545102e+04 0.000000000000000000e+00
1.749060923105498791e+09 1.051777941754432504e+04 1.067594305297380379e+04 5.148085922978453891e+04 1.000000000000000000e+00
1.749060923105498791e+09 9.967593992644837272e+03 1.002076526235060192e+04 5.218283957875610940e+04 2.000000000000000000e+00
1.749060923161708117e+09 9.919464586310195955e+03 9.955480402662313281e+03 5.219307926856732229e+04 0.000000000000000000e+00
1.749060923161708117e+09 1.039372206932150584e+04 1.077341314012134171e+04 5.155085800168095011e+04 1.000000000000000000e+00
1.749060923161708117e+09 9.981301756927417955e+03 1.007617664139946464e+04 5.217728630865570449e+04 2.000000000000000000e+00
1.749060923217917681e+09 9.920331719648536819e+03 9.958137070176013367e+03 5.219310904717595986e+04 0.000000000000000000e+00
1.749060923217917681e+09 1.042917878278208264e+04 1.078315834029020334e+04 5.153156461740614031e+04 1.000000000000000000e+00
1.749060923217917681e+09 1.000975565012286279e+04 1.005191672766983720e+04 5.217186535053104308e+04 2.000000000000000000e+00
1.749060923274127245e+09 9.916303311288014811e+03 9.955411371837040861e+03 5.219418678169165651e+04 0.000000000000000000e+00
1.749060923274127245e+09 1.051791755283470957e+04 1.072344329533309428e+04 5.148497130118292262e+04 1.000000000000000000e+00
1.749060923274127245e+09 1.000117283300112649e+04 1.006787898358606435e+04 5.217391339332838834e+04 2.000000000000000000e+00
1.749060923330336809e+09 9.921837870692452270e+03 9.955561463946318327e+03 5.219245178587223199e+04 0.000000000000000000e+00
1.749060923330336809e+09 1.047791274076412628e+04 1.063850993860503513e+04 5.138550712690340879e+04 1.000000000000000000e+00
1.749060923330336809e+09 1.000121255368999300e+04 1.006614586308311482e+04 5.217239067332212289e+04 2.000000000000000000e+00
1.749060923386546135e+09 9.919807676326567162e+03 9.950602878265546678e+03 5.219091171778168791e+04 0.000000000000000000e+00
1.749060923386546135e+09 1.057366514260654731e+04 1.069906399104975935e+04 5.116312814519539097e+04 1.000000000000000000e+00
1.749060923386546135e+09 9.970998801499397814e+03 1.006230857695381201e+04 5.217581706868173933e+04 2.000000000000000000e+00
1.749060923442755699e+09 9.917973244496111874e+03 9.950252040474128080e+03 5.218932474510722386e+04 0.000000000000000000e+00
1.749060923442755699e+09 1.048500263285415531e+04 1.071815520988813114e+04 5.137022166042719618e+04 1.000000000000000000e+00
1.749060923442755699e+09 9.968352820101132238e+03 1.004553543268329668e+04 5.217636744065722451e+04 2.000000000000000000e+00
1.749060923498965263e+09 9.917928527633024714e+03 9.950791929321314456e+03 5.219317687794737867e+04 0.000000000000000000e+00
1.749060923498965263e+09 1.070445741086609996e+04 1.090275696880324904e+04 5.128640480579873838e+04 1.000000000000000000e+00
1.749060923498965263e+09 9.958106766789585890e+03 1.004357205521524156e+04 5.218124485212336731e+04 2.000000000000000000e+00
1.749060923555174828e+09 9.917309913502478594e+03 9.951730070099429213e+03 5.219233451565884025e+04 0.000000000000000000e+00
1.749060923555174828e+09 1.048523493958270410e+04 1.077844210674882197e+04 5.133306640806723590e+04 1.000000000000000000e+00
1.749060923555174828e+09 9.996080120868295126e+03 1.005731520908640050e+04 5.217181294999297097e+04 2.000000000000000000e+00
1.749060923611384392e+09 9.917272304542553684e+03 9.951657042375911260e+03 5.219105933763441135e+04 0.000000000000000000e+00
1.749060923611384392e+09 1.053117514514429786e+04 1.079908207835259418e+04 5.125868284939408477e+04 1.000000000000000000e+00
1.749060923611384392e+09 9.979234967542244704e+03 1.005799833948979540e+04 5.217546140872525575e+04 2.000000000000000000e+00
1.749060923667593718e+09 9.919155366737051736e+03 9.951990596256633580e+03 5.218793691683016368e+04 0.000000000000000000e+00
1.749060923667593718e+09 1.058944530891321483e+04 1.082197416298647113e+04 5.130488253620261821e+04 1.000000000000000000e+00
1.749060923667593718e+09 1.000256558403347481e+04 1.002797236877350042e+04 5.217243661846056057e+04 2.000000000000000000e+00
1.749060923723803282e+09 9.919759587996491973e+03 9.948852667818246118e+03 5.218772413423557737e+04 0.000000000000000000e+00
1.749060923723803282e+09 1.045436229835339509e+04 1.084906106562016612e+04 5.128357959335337364e+04 1.000000000000000000e+00
1.749060923723803282e+09 9.973302973664898673e+03 1.007617315757718097e+04 5.217593414425787341e+04 2.000000000000000000e+00
1.749060923780012846e+09 9.916746858213324231e+03 9.952070949732167719e+03 5.219157117046709027e+04 0.000000000000000000e+00
1.749060923780012846e+09 1.037524030743642470e+04 1.077482485321860258e+04 5.148034931080860406e+04 1.000000000000000000e+00
1.749060923780012846e+09 9.971165061947365757e+03 1.002978853251409055e+04 5.217730324223282514e+04 2.000000000000000000e+00
1.749060923836222410e+09 9.922365261033837669e+03 9.954836969658963426e+03 5.218884960602124193e+04 0.000000000000000000e+00
1.749060923836222410e+09 1.040408370673786885e+04 1.080910927396279840e+04 5.136897128694267303e+04 1.000000000000000000e+00
1.749060923836222410e+09 9.983160220567233409e+03 1.003740317471460367e+04 5.217351343412789720e+04 2.000000000000000000e+00
1.749060923892431736e+09 9.918215864161975333e+03 9.950212957935762461e+03 5.218945749430658179e+04 0.000000000000000000e+00
1.749060923892431736e+09 1.040532697268815900e+04 1.068504626255067706e+04 5.136822047165437107e+04 1.000000000000000000e+00
1.749060923892431736e+09 9.980288639991518721e+03 1.003851924225945186e+04 5.217432576947128109e+04 2.000000000000000000e+00
1.749060923948641300e+09 9.916157204536144491e+03 9.949550946603001648e+03 5.219225924072814814e+04 0.000000000000000000e+00
1.749060923948641300e+09 1.041113999849229185e+04 1.068138163958072073e+04 5.141972051857243787e+04 1.000000000000000000e+00
1.749060923948641300e+09 9.983246582423216751e+03 1.003832966987317741e+04 5.217424117379840027e+04 2.000000000000000000e+00
1.749060924004850864e+09 9.918193423015072767e+03 9.958083233732313602e+03 5.219035228675123653e+04 0.000000000000000000e+00
1.749060924004850864e+09 1.029792847825839453e+04 1.064707149885748004e+04 5.158771159279497806e+04 1.000000000000000000e+00
1.749060924004850864e+09 9.999559607394239720e+03 1.005607018557764968e+04 5.217185281532655790e+04 2.000000000000000000e+00
1.749060924061060429e+09 9.915311479607806177e+03 9.952956110965427797e+03 5.218933038794972526e+04 0.000000000000000000e+00
1.749060924061060429e+09 1.041325551607337911e+04 1.049617364650407580e+04 5.168296229189646692e+04 1.000000000000000000e+00
1.749060924061060429e+09 9.999374999959542038e+03 1.004886696693428530e+04 5.217102801403930061e+04 2.000000000000000000e+00
