# Time(sec) X(nm) Y(nm) Z(nm) Bead-ID
1.749060924117269993e+09 9.917518706869099333e+03 9.954617544682143489e+03 5.218963026624162740e+04 0.000000000000000000e+00
1.749060924117269993e+09 1.038961917966972396e+04 1.028269418616583425e+04 5.163843730305509234e+04 1.000000000000000000e+00
1.749060924117269993e+09 9.961067421891662889e+03 1.002026615638387011e+04 5.217780475618268247e+04 2.000000000000000000e+00
1.749060924173479319e+09 9.919767754529550075e+03 9.956734173528551764e+03 5.218856091068302339e+04 0.000000000000000000e+00
1.749060924173479319e+09 1.040788479854423713e+04 1.039462850233037898e+04 5.173858324295809871e+04 1.000000000000000000e+00
1.749060924173479319e+09 9.972745420707555240e+03 1.005127138037371333e+04 5.217361053530647041e+04 2.000000000000000000e+00
1.749060924229688883e+09 9.915950098691375388e+03 9.948890604468246238e+03 5.218913269650654547e+04 0.000000000000000000e+00
1.749060924229688883e+09 1.058177563668806215e+04 1.043561818965272323e+04 5.158250609320894000e+04 1.000000000000000000e+00
1.749060924229688883e+09 9.984464644424830112e+03 1.006469573369841783e+04 5.217390400018119544e+04 2.000000000000000000e+00
1.749060924285898447e+09 9.913537575752696284e+03 9.948653874803432700e+03 5.218974282243796188e+04 0.000000000000000000e+00
1.749060924285898447e+09 1.074938405663607591e+04 1.038427006977198107e+04 5.147267278026183340e+04 1.000000000000000000e+00
1.749060924285898447e+09 9.985184179938723901e+03 1.003411844975842905e+04 5.217450478708607989e+04 2.000000000000000000e+00
1.749060924342161417e+09 9.917584927858022638e+03 9.952881770689369660e+03 5.218814296905237279e+04 0.000000000000000000e+00
1.749060924342161417e+09 1.068973310616466370e+04 1.049042334352190483e+04 5.154173781588844577e+04 1.000000000000000000e+00
1.749060924342161417e+09 9.992553128215071411e+03 1.005818837194098160e+04 5.217173471548463567e+04 2.000000000000000000e+00
1.749060924398370981e+09 9.916871876958475696e+03 9.954495608014147365e+03 5.218949927263628342e+04 0.000000000000000000e+00
1.749060924398370981e+09 1.054391780281406136e+04 1.053096506915058308e+04 5.151323384614257520e+04 1.000000000000000000e+00
1.749060924398370981e+09 9.991330213911025567e+03 1.005600459311112172e+04 5.216974195732905355e+04 2.000000000000000000e+00
1.749060924454580545e+09 9.914364570134763198e+03 9.954473412992778321e+03 5.218970433359957678e+04 0.000000000000000000e+00
1.749060924454580545e+09 1.061875762048981051e+04 1.053093951397271849e+04 5.150102050991341821e+04 1.000000000000000000e+00
1.749060924454580545e+09 9.969345507584255756e+03 1.002802487437501259e+04 5.217632813159711804e+04 2.000000000000000000e+00
1.749060924510790110e+09 9.913402069877351096e+03 9.956196633913970800e+03 5.219004962366975815e+04 0.000000000000000000e+00
1.749060924510790110e+09 1.057982360591864744e+04 1.038770017965239276e+04 5.139242124056128523e+04 1.000000000000000000e+00
1.749060924510790110e+09 1.000186592424885021e+04 1.006737803651607646e+04 5.216994468873176083e+04 2.000000000000000000e+00
1.749060924566999435e+09 9.914589183097026762e+03 9.957288356408971595e+03 5.219058696777905425e+04 0.000000000000000000e+00
1.749060924566999435e+09 1.052455064276820667e+04 1.043762415201816839e+04 5.138754650129962829e+04 1.000000000000000000e+00
1.749060924566999435e+09 9.941342900833218664e+03 1.004357110263167669e+04 5.218121913407759712e+04 2.000000000000000000e+00
1.749060924623209000e+09 9.917959127194966641e+03 9.957808734557474963e+03 5.218732010066805378e+04 0.000000000000000000e+00
1.749060924623209000e+09 1.060168073408179225e+04 1.031021605871402426e+04 5.129245485255437234e+04 1.000000000000000000e+00
1.749060924623209000e+09 9.988239980210630165e+03 1.006538871289229974e+04 5.216852944210911664e+04 2.000000000000000000e+00
1.749060924679418564e+09 9.913287418388892547e+03 9.955951125907651658e+03 5.218944006844591786e+04 0.000000000000000000e+00
1.749060924679418564e+09 1.064845840251921800e+04 1.040975044416163473e+04 5.141109308367049380e+04 1.000000000000000000e+00
1.749060924679418564e+09 9.956194065983969267e+03 1.000720684969982176e+04 5.217871801605004293e+04 2.000000000000000000e+00
1.749060924735628128e+09 9.912033053879056752e+03 9.950456039733055150e+03 5.219080068955118622e+04 0.000000000000000000e+00
1.749060924735628128e+09 1.077020176334524513e+04 1.052419816367042404e+04 5.130484440707320027e+04 1.000000000000000000e+00
1.749060924735628128e+09 9.974669660513103736e+03 1.005534377105165004e+04 5.217550297926510393e+04 2.000000000000000000e+00
1.749060924791837454e+09 9.918332540929153765e+03 9.953934791717729240e+03 5.218875495888988371e+04 0.000000000000000000e+00
1.749060924791837454e+09 1.065817610453052657e+04 1.046670561945558620e+04 5.129640507099899696e+04 1.000000000000000000e+00
1.749060924791837454e+09 9.965613128216940822e+03 1.004952119474084611e+04 5.217641053894461220e+04 2.000000000000000000e+00
1.749060924848047018e+09 9.917908403453780920e+03 9.948273227684336234e+03 5.218819989481320226e+04 0.000000000000000000e+00
1.749060924848047018e+09 1.055515354836838378e+04 1.055467528305695123e+04 5.133364166065311292e+04 1.000000000000000000e+00
1.749060924848047018e+09 9.988441603004048375e+03 1.006896275873900777e+04 5.217271673496013682e+04 2.000000000000000000e+00
1.749060924904256582e+09 9.913132760216234601e+03 9.950352791932482432e+03 5.218978594783387234e+04 0.000000000000000000e+00
1.749060924904256582e+09 1.035796411616568184e+04 1.064046300997282924e+04 5.156719382903853693e+04 1.000000000000000000e+00
1.749060924904256582e+09 9.982345235249289544e+03 1.006196429760678802e+04 5.217241946165823174e+04 2.000000000000000000e+00
1.749060924960466146e+09 9.917021258262921037e+03 9.955053738046970466e+03 5.218807618285019998e+04 0.000000000000000000e+00
1.749060924960466146e+09 1.033731047956644579e+04 1.066388016044306823e+04 5.146720995597437286e+04 1.000000000000000000e+00
1.749060924960466146e+09 9.949626050281016433e+03 1.003466545710846549e+04 5.217754500812685001e+04 2.000000000000000000e+00
1.749060925016675711e+09 9.917115438711103707e+03 9.957852471263075131e+03 5.219009031176110875e+04 0.000000000000000000e+00
1.749060925016675711e+09 1.056337706286410503e+04 1.045840876276879681e+04 5.151202741848793812e+04 1.000000000000000000e+00
1.749060925016675711e+09 9.971522102925133368e+03 1.004662265512268277e+04 5.217372669703506108e+04 2.000000000000000000e+00
1.749060925072885036e+09 9.913615144737765149e+03 9.954123010925022754e+03 5.218898728360982932e+04 0.000000000000000000e+00
1.749060925072885036e+09 1.052993384264310771e+04 1.030120103636919339e+04 5.146916689501990913e+04 1.000000000000000000e+00
1.749060925072885036e+09 9.964956741324083850e+03 1.004334513908671397e+04 5.217383591027861985e+04 2.000000000000000000e+00
1.749060925129094601e+09 9.916184448853033246e+03 9.955386145308288178e+03 5.218740818627507542e+04 0.000000000000000000e+00
1.749060925129094601e+09 1.045396163736620110e+04 1.037650905115379828e+04 5.132984501933146385e+04 1.000000000000000000e+00
1.749060925129094601e+09 9.986660347659679246e+03 1.003677937802159795e+04 5.217000672819245665e+04 2.000000000000000000e+00
1.749060925185304165e+09 9.914558869801530818e+03 9.954584380316720853e+03 5.218473517432607332e+04 0.000000000000000000e+00
1.749060925185304165e+09 1.041527206067817315e+04 1.031970485289654425e+04 5.144555486921581178e+04 1.000000000000000000e+00
1.749060925185304165e+09 9.988026964252410835e+03 1.005570767800717840e+04 5.216840367363271798e+04 2.000000000000000000e+00
1.749060925241513729e+09 9.910579049264348214e+03 9.949709397738470216e+03 5.218786141853847221e+04 0.000000000000000000e+00
1.749060925241513729e+09 1.049361605454534765e+04 1.028127848515800542e+04 5.141996447894215089e+04 1.000000000000000000e+00
1.749060925241513729e+09 9.995942910238851255e+03 1.002107327739083121e+04 5.217102148825257609e+04 2.000000000000000000e+00
1.749060925297723055e+09 9.913120038500606825e+03 9.948124424390744025e+03 5.218715601600644732e+04 0.000000000000000000e+00
1.749060925297723055e+09 1.057606019552545149e+04 1.019167351056963344e+04 5.142242454680631636e+04 1.000000000000000000e+00
1.749060925297723055e+09 1.000029346006779087e+04 1.005923985870888282e+04 5.216883631699177204e+04 2.000000000000000000e+00
1.749060925353932619e+09 9.912946560454240171e+03 9.953797779954991711e+03 5.218667425468200963e+04 0.000000000000000000e+00
1.749060925353932619e+09 1.069054232971339661e+04 1.046078089877281309e+04 5.141682178232906881e+04 1.000000000000000000e+00
1.749060925353932619e+09 9.992194294988186812e+03 1.005926162822324659e+04 5.216924831922774320e+04 2.000000000000000000e+00
1.749060925410142183e+09 9.914587568263799767e+03 9.951011019286368537e+03 5.218605891903409793e+04 0.000000000000000000e+00
1.749060925410142183e+09 1.062860529313220286e+04 1.054365523111304901e+04 5.134272415569093573e+04 1.000000000000000000e+00
1.749060925410142183e+09 1.000622414928437138e+04 1.007640130876241346e+04 5.216509646364658693e+04 2.000000000000000000e+00
1.749060925466351748e+09 9.907178994606158085e+03 9.950095582857878981e+03 5.218973952687325800e+04 0.000000000000000000e+00
1.749060925466351748e+09 1.064382972558392794e+04 1.070351076261292110e+04 5.143868272151966812e+04 1.000000000000000000e+00
1.749060925466351748e+09 1.000154568994889087e+04 1.007806694313753724e+04 5.216726734521050821e+04 2.000000000000000000e+00
1.749060925522561073e+09 9.913235994213629965e+03 9.957522646180756055e+03 5.218785194480572682e+04 0.000000000000000000e+00
1.749060925522561073e+09 1.072143853093683174e+04 1.068874423981214568e+04 5.119155653496769082e+04 1.000000000000000000e+00
1.749060925522561073e+09 9.996524190074251237e+03 1.008331411789367667e+04 5.216803118706787791e+04 2.000000000000000000e+00
1.749060925578770638e+09 9.912901804795541466e+03 9.954213456743194911e+03 5.218691916341797332e+04 0.000000000000000000e+00
1.749060925578770638e+09 1.053423574976505552e+04 1.079932065624999086e+04 5.110859606383110804e+04 1.000000000000000000e+00
1.749060925578770638e+09 9.991728338257764335e+03 1.006177438787620667e+04 5.216696466737825540e+04 2.000000000000000000e+00
1.749060925634980202e+09 9.910254774924336743e+03 9.954609924709677216e+03 5.218713730236564152e+04 0.000000000000000000e+00
1.749060925634980202e+09 1.062722865370097679e+04 1.074309972321619716e+04 5.124699154231930879e+04 1.000000000000000000e+00
1.749060925634980202e+09 9.966584036759946684e+03 1.006895477071268579e+04 5.217228063378504157e+04 2.000000000000000000e+00
1.749060925691189766e+09 9.906638325077607078e+03 9.946969384583915598e+03 5.218609970173407055e+04 0.000000000000000000e+00
1.749060925691189766e+09 1.056981346126961944e+04 1.067453001504452914e+04 5.136070561366782931e+04 1.000000000000000000e+00
1.749060925691189766e+09 9.941827678693814960e+03 1.005403063567475328e+04 5.217594676068823173e+04 2.000000000000000000e+00
1.749060925747399330e+09 9.913065670597139615e+03 9.957641858559460161e+03 5.218481879772621323e+04 0.000000000000000000e+00
1.749060925747399330e+09 1.072188647868890803e+04 1.074055651916915849e+04 5.143334144664555788e+04 1.000000000000000000e+00
1.749060925747399330e+09 9.985590541497547747e+03 1.004557819594761168e+04 5.216760646636583988e+04 2.000000000000000000e+00
1.749060925803608656e+09 9.912571343195028021e+03 9.957567543736784501e+03 5.218426465723513684e+04 0.000000000000000000e+00
1.749060925803608656e+09 1.050481577377229951e+04 1.068108665423333696e+04 5.145512553191214829e+04 1.000000000000000000e+00
1.749060925803608656e+09 9.979354428060069040e+03 1.005079853613883824e+04 5.216790841829109559e+04 2.000000000000000000e+00
1.749060925859818220e+09 9.912653506057520644e+03 9.953703642623431733e+03 5.218363474111071992e+04 0.000000000000000000e+00
1.749060925859818220e+09 1.069606946452957527e+04 1.080691357021556360e+04 5.144343634542245127e+04 1.000000000000000000e+00
1.749060925859818220e+09 9.999497297264730150e+03 1.003909640399632372e+04 5.216542724801837176e+04 2.000000000000000000e+00
1.749060925916027784e+09 9.912589946039513961e+03 9.950412633110157913e+03 5.218341979794396320e+04 0.000000000000000000e+00
1.749060925916027784e+09 1.057974935733824714e+04 1.097159979047627712e+04 5.142256886027308065e+04 1.000000000000000000e+00
1.749060925916027784e+09 9.982676571457581304e+03 1.005191638371364206e+04 5.216830843194589397e+04 2.000000000000000000e+00
1.749060925972237349e+09 9.912057405545969232e+03 9.954504775261866598e+03 5.218595866288160323e+04 0.000000000000000000e+00
1.749060925972237349e+09 1.037259268130613236e+04 1.091034536301470507e+04 5.142259176004307665e+04 1.000000000000000000e+00
1.749060925972237349e+09 9.974245558270331458e+03 1.004235223620685611e+04 5.217002992833004828e+04 2.000000000000000000e+00
1.749060926028446674e+09 9.903560212841379325e+03 9.948370979444045588e+03 5.218551186319652334e+04 0.000000000000000000e+00
1.749060926028446674e+09 1.027139336708037808e+04 1.060706798752657778e+04 5.132322936638612009e+04 1.000000000000000000e+00
1.749060926028446674e+09 9.943869523870771445e+03 9.979587019569951735e+03 5.217668560817874823e+04 2.000000000000000000e+00
1.749060926084656239e+09 9.908503353381445777e+03 9.955836306897825125e+03 5.218544040986557957e+04 0.000000000000000000e+00
1.749060926084656239e+09 1.038361441632940296e+04 1.056896957060309978e+04 5.147715507621630968e+04 1.000000000000000000e+00
1.749060926084656239e+09 9.973710866051578705e+03 1.004440995582122559e+04 5.217095291334820649e+04 2.000000000000000000e+00
1.749060926140865803e+09 9.906927290937450380e+03 9.948562867504551832e+03 5.218381412912915403e+04 0.000000000000000000e+00
1.749060926140865803e+09 1.052006495431707845e+04 1.059061210573895733e+04 5.147205435084581404e+04 1.000000000000000000e+00
1.749060926140865803e+09 9.990799929408958633e+03 1.003691420864980682e+04 5.216681836245714658e+04 2.000000000000000000e+00
1.749060926197075367e+09 9.908498086268611587e+03 9.955154453479082804e+03 5.218469906779191660e+04 0.000000000000000000e+00
1.749060926197075367e+09 1.044320535871860920e+04 1.084046166157888183e+04 5.154646153102398239e+04 1.000000000000000000e+00
1.749060926197075367e+09 9.989626352114026304e+03 1.007346467997251239e+04 5.216654617768719618e+04 2.000000000000000000e+00
1.749060926253284931e+09 9.903837023420688638e+03 9.946295621277278769e+03 5.218499280092266417e+04 0.000000000000000000e+00
1.749060926253284931e+09 1.043279142270153352e+04 1.079019941461818962e+04 5.151536104585958674e+04 1.000000000000000000e+00
1.749060926253284931e+09 9.973313583490986275e+03 1.005958866559725357e+04 5.216991046590446058e+04 2.000000000000000000e+00
1.749060926309494257e+09 9.908838210684405567e+03 9.947184040035906946e+03 5.218690808223711792e+04 0.000000000000000000e+00
1.749060926309494257e+09 1.047234846559712787e+04 1.074265572417815383e+04 5.156600851283472002e+04 1.000000000000000000e+00
1.749060926309494257e+09 9.943694531217453914e+03 1.007147190676792161e+04 5.217765217826043227e+04 2.000000000000000000e+00
1.749060926365757465e+09 9.910946322333898934e+03 9.956544479950292953e+03 5.218487226311556151e+04 0.000000000000000000e+00
1.749060926365757465e+09 1.039983477999101160e+04 1.058427478060988869e+04 5.151540222323645139e+04 1.000000000000000000e+00
1.749060926365757465e+09 9.965749548600610069e+03 1.004785324140739249e+04 5.217145100408096187e+04 2.000000000000000000e+00
1.749060926421967030e+09 9.914194458662484976e+03 9.949268507238366510e+03 5.218392199474586960e+04 0.000000000000000000e+00
1.749060926421967030e+09 1.032992335195644591e+04 1.063701793537232697e+04 5.135037786450343992e+04 1.000000000000000000e+00
1.749060926421967030e+09 9.991789072391520676e+03 1.004346187400986310e+04 5.216681359116602835e+04 2.000000000000000000e+00
1.749060926478176355e+09 9.907348864885747389e+03 9.951245082649218602e+03 5.218548631019137974e+04 0.000000000000000000e+00
1.749060926478176355e+09 1.055711301545866627e+04 1.064708907369010740e+04 5.146021121594543365e+04 1.000000000000000000e+00
1.749060926478176355e+09 9.970195499499919606e+03 1.004746020361221053e+04 5.216979186574956839e+04 2.000000000000000000e+00
1.749060926534385920e+09 9.902528487993205999e+03 9.937996518530448157e+03 5.218738270503998501e+04 0.000000000000000000e+00
1.749060926534385920e+09 1.054787717960957889e+04 1.071213522697842745e+04 5.140899571039815055e+04 1.000000000000000000e+00
1.749060926534385920e+09 9.987495254506728088e+03 1.005963642006327427e+04 5.216843633940408472e+04 2.000000000000000000e+00
1.749060926590595484e+09 9.910905979329441834e+03 9.948662569936932414e+03 5.218534972342805122e+04 0.000000000000000000e+00
1.749060926590595484e+09 1.063645193719749841e+04 1.067568508262897558e+04 5.140431062576125260e+04 1.000000000000000000e+00
1.749060926590595484e+09 9.986397724849579390e+03 1.004327991098807070e+04 5.216727544299204601e+04 2.000000000000000000e+00
1.749060926646805048e+09 9.906574166591648464e+03 9.953593393078032022e+03 5.218325901947216335e+04 0.000000000000000000e+00
1.749060926646805048e+09 1.060466946847389045e+04 1.075425017241312526e+04 5.149529892057587131e+04 1.000000000000000000e+00
1.749060926646805048e+09 9.964279333060065255e+03 1.004446327776058024e+04 5.217032675641001697e+04 2.000000000000000000e+00
1.749060926703014374e+09 9.911952699044339170e+03 9.952484614306207732e+03 5.218336324155249895e+04 0.000000000000000000e+00
1.749060926703014374e+09 1.047336379588911768e+04 1.087322971229306313e+04 5.131459034953010996e+04 1.000000000000000000e+00
1.749060926703014374e+09 9.964838738502527121e+03 1.003278367622685255e+04 5.216909934745229111e+04 2.000000000000000000e+00
1.749060926759223938e+09 9.915733107155920152e+03 9.954606093845985015e+03 5.218188955416554381e+04 0.000000000000000000e+00
1.749060926759223938e+09 1.044667976672258737e+04 1.065306968543048242e+04 5.128628238616204908e+04 1.000000000000000000e+00
1.749060926759223938e+09 9.989936578367369293e+03 1.005628881908385847e+04 5.216440908740488521e+04 2.000000000000000000e+00
1.749060926815433502e+09 9.912858095133438837e+03 9.957388822557843014e+03 5.218338595427571272e+04 0.000000000000000000e+00
1.749060926815433502e+09 1.072336268516188829e+04 1.048584255691245744e+04 5.129742215910113009e+04 1.000000000000000000e+00
1.749060926815433502e+09 1.000103965123693706e+04 1.005367248974578797e+04 5.216332017272251687e+04 2.000000000000000000e+00
1.749060926871643066e+09 9.910419074557477870e+03 9.946979867510744953e+03 5.218136557451250701e+04 0.000000000000000000e+00
1.749060926871643066e+09 1.064909573792605261e+04 1.044447291931977452e+04 5.148669994254169433e+04 1.000000000000000000e+00
1.749060926871643066e+09 9.966802582593534680e+03 1.005046934612291807e+04 5.216820852253095654e+04 2.000000000000000000e+00
1.749060926927852392e+09 9.913643527780195654e+03 9.950756062185440896e+03 5.218025514606270008e+04 0.000000000000000000e+00
1.749060926927852392e+09 1.069743202214800476e+04 1.041931500661999962e+04 5.146046260849044484e+04 1.000000000000000000e+00
1.749060926927852392e+09 9.963662183412805462e+03 1.005200186206334183e+04 5.216724407830562268e+04 2.000000000000000000e+00
1.749060926984061956e+09 9.912722201241003859e+03 9.948660081917007119e+03 5.218317400406685920e+04 0.000000000000000000e+00
1.749060926984061956e+09 1.076392861819287282e+04 1.023842029755084695e+04 5.137082954104184319e+04 1.000000000000000000e+00
1.749060926984061956e+09 9.954297690170094938e+03 1.004522704117226385e+04 5.217197268475423334e+04 2.000000000000000000e+00
1.749060927040271521e+09 9.912892719636551192e+03 9.951854598010482732e+03 5.218433899472311896e+04 0.000000000000000000e+00
1.749060927040271521e+09 1.071232515066776068e+04 1.032836711356441992e+04 5.123226778355458373e+04 1.000000000000000000e+00
1.749060927040271521e+09 9.995585919651048243e+03 1.004312620064288603e+04 5.216637349217310839e+04 2.000000000000000000e+00
1.749060927096481085e+09 9.912162642081548256e+03 9.952309386999564595e+03 5.218355772947512014e+04 0.000000000000000000e+00
1.749060927096481085e+09 1.088936493664195586e+04 1.047965530760478941e+04 5.125588298557797680e+04 1.000000000000000000e+00
1.749060927096481085e+09 9.976437301713660418e+03 1.003650197040874264e+04 5.216811341622159671e+04 2.000000000000000000e+00
1.749060927152690649e+09 9.915162580211594104e+03 9.956832094836083343e+03 5.218532070029203896e+04 0.000000000000000000e+00
1.749060927152690649e+09 1.074834558191749238e+04 1.053682079420647642e+04 5.130178381566555618e+04 1.000000000000000000e+00
1.749060927152690649e+09 9.986975311043646798e+03 1.008392466260951187e+04 5.216706768394895334e+04 2.000000000000000000e+00
1.749060927208899975e+09 9.910459792068899333e+03 9.948301242468469354e+03 5.218609663206367986e+04 0.000000000000000000e+00
1.749060927208899975e+09 1.079022146725853599e+04 1.020991803955788782e+04 5.134250633620315057e+04 1.000000000000000000e+00
1.749060927208899975e+09 9.985767862737524410e+03 1.006444619135761604e+04 5.216870046939861641e+04 2.000000000000000000e+00
1.749060927265109539e+09 9.910683835678508331e+03 9.955079893832617017e+03 5.218341926738408074e+04 0.000000000000000000e+00
1.749060927265109539e+09 1.088340844155723789e+04 1.036665877684334009e+04 5.141381916179730615e+04 1.000000000000000000e+00
1.749060927265109539e+09 9.981262779013444742e+03 1.007311763892844283e+04 5.216722802137368853e+04 2.000000000000000000e+00
1.749060927321319103e+09 9.914889748745830730e+03 9.957702627090708120e+03 5.218328532476317923e+04 0.000000000000000000e+00
1.749060927321319103e+09 1.113186624884895718e+04 1.051654951236652778e+04 5.149341937985052937e+04 1.000000000000000000e+00
1.749060927321319103e+09 9.990563045513870748e+03 1.006186779863413358e+04 5.216709790953101037e+04 2.000000000000000000e+00
1.749060927377528667e+09 9.916686997225762752e+03 9.957649826507838952e+03 5.218321051336416713e+04 0.000000000000000000e+00
1.749060927377528667e+09 1.123174824220223854e+04 1.048237474852114428e+04 5.144979965261627513e+04 1.000000000000000000e+00
1.749060927377528667e+09 1.000305561529481747e+04 1.006932036041628453e+04 5.216542022165415256e+04 2.000000000000000000e+00
1.749060927433737993e+09 9.919097560416434135e+03 9.958037668086859412e+03 5.218451057170922286e+04 0.000000000000000000e+00
1.749060927433737993e+09 1.122111932601555600e+04 1.036956403483482427e+04 5.152634255194453726e+04 1.000000000000000000e+00
1.749060927433737993e+09 9.990339914377958848e+03 1.001847856109190252e+04 5.216809497432474745e+04 2.000000000000000000e+00
1.749060927489947557e+09 9.912629006961442428e+03 9.949134067467322893e+03 5.218374890252833575e+04 0.000000000000000000e+00
1.749060927489947557e+09 1.108934203314525439e+04 1.055173000319688617e+04 5.142287012806844723e+04 1.000000000000000000e+00
1.749060927489947557e+09 9.991276277242410288e+03 1.003193530080053824e+04 5.216680795847226545e+04 2.000000000000000000e+00
1.749060927546157122e+09 9.915782165316448300e+03 9.952064317723737986e+03 5.218177547829929244e+04 0.000000000000000000e+00
1.749060927546157122e+09 1.098201295862675215e+04 1.033976628508372050e+04 5.159942858894444362e+04 1.000000000000000000e+00
1.749060927546157122e+09 1.000572815296169210e+04 1.005474844983715775e+04 5.216245691473715851e+04 2.000000000000000000e+00
1.749060927602366686e+09 9.915700844235589102e+03 9.956153599389679584e+03 5.218336766022533266e+04 0.000000000000000000e+00
1.749060927602366686e+09 1.090319846781104752e+04 1.031517543730111720e+04 5.129987431933783955e+04 1.000000000000000000e+00
1.749060927602366686e+09 1.000453532334231932e+04 1.004668949749349849e+04 5.216356164421977155e+04 2.000000000000000000e+00
1.749060927658576250e+09 9.916339494668331099e+03 9.957514632889329732e+03 5.218432865709724138e+04 0.000000000000000000e+00
1.749060927658576250e+09 1.090990404970834788e+04 1.046712922383887599e+04 5.138752353418575512e+04 1.000000000000000000e+00
1.749060927658576250e+09 1.001170004735109433e+04 1.005164749319713883e+04 5.216253128757751983e+04 2.000000000000000000e+00
1.749060927714785576e+09 9.913587733799575290e+03 9.956654339167438593e+03 5.218373691281214997e+04 0.000000000000000000e+00
1.749060927714785576e+09 1.092252545482225287e+04 1.033054474529152503e+04 5.144723583639655408e+04 1.000000000000000000e+00
1.749060927714785576e+09 9.989865228038859641e+03 1.005219407063260587e+04 5.216551953425503598e+04 2.000000000000000000e+00
1.749060927770995140e+09 9.915556008945084614e+03 9.957861687917153176e+03 5.218414989542061085e+04 0.000000000000000000e+00
1.749060927770995140e+09 1.084011892904779597e+04 1.034428064635229384e+04 5.144428864936092577e+04 1.000000000000000000e+00
1.749060927770995140e+09 9.976032703522012525e+03 1.004937054765604989e+04 5.216855695439193369e+04 2.000000000000000000e+00
1.749060927827204704e+09 9.916300008254071145e+03 9.954477618306034856e+03 5.218378444632793980e+04 0.000000000000000000e+00
1.749060927827204704e+09 1.073348228606307021e+04 1.037244241517851697e+04 5.145199600941284734e+04 1.000000000000000000e+00
1.749060927827204704e+09 9.977344704987277510e+03 1.006588912520923077e+04 5.216749293559292710e+04 2.000000000000000000e+00
1.749060927883414268e+09 9.910302088074833591e+03 9.958408248339163038e+03 5.218428980826344196e+04 0.000000000000000000e+00
1.749060927883414268e+09 1.073725507020839905e+04 1.032627817474630319e+04 5.142016147790831019e+04 1.000000000000000000e+00
1.749060927883414268e+09 9.981721102710336709e+03 1.003256870934676954e+04 5.216636224354465230e+04 2.000000000000000000e+00
1.749060927939623594e+09 9.912743088686636838e+03 9.956262588063351359e+03 5.218257395122324670e+04 0.000000000000000000e+00
1.749060927939623594e+09 1.058545493989207898e+04 1.057143620992053729e+04 5.145804013086593477e+04 1.000000000000000000e+00
1.749060927939623594e+09 9.984686962006822796e+03 1.005569949619853833e+04 5.216496418996937427e+04 2.000000000000000000e+00
1.749060927995833158e+09 9.917265271094534910e+03 9.954861186233849367e+03 5.218355613083559729e+04 0.000000000000000000e+00
1.749060927995833158e+09 1.052165386300679529e+04 1.037668578998607518e+04 5.146355070530615194e+04 1.000000000000000000e+00
1.749060927995833158e+09 1.000313713707268835e+04 1.004374347757231590e+04 5.216247678879463638e+04 2.000000000000000000e+00
1.749060928052042723e+09 9.912527323118581990e+03 9.954277495363512571e+03 5.218317916945628531e+04 0.000000000000000000e+00
1.749060928052042723e+09 1.049184337932250310e+04 1.035525617471441365e+04 5.150507921612180508e+04 1.000000000000000000e+00
1.749060928052042723e+09 9.984542988007366148e+03 1.003456090357871471e+04 5.216679849808518338e+04 2.000000000000000000e+00
1.749060928108252287e+09 9.914082548300639246e+03 9.954096209223165715e+03 5.218307009998115245e+04 0.000000000000000000e+00
1.749060928108252287e+09 1.036215749522692204e+04 1.034899869606219909e+04 5.151128243570238556e+04 1.000000000000000000e+00
1.749060928108252287e+09 9.989442081804361806e+03 1.004225629414764990e+04 5.216501486519414175e+04 2.000000000000000000e+00
1.749060928164461851e+09 9.916712185612452231e+03 9.958559500840330657e+03 5.218448419361529523e+04 0.000000000000000000e+00
1.749060928164461851e+09 1.054067789346382961e+04 1.040974539054765955e+04 5.145872895279915247e+04 1.000000000000000000e+00
1.749060928164461851e+09 9.977178849001640629e+03 1.000993186098407205e+04 5.216821131388741924e+04 2.000000000000000000e+00
1.749060928220671177e+09 9.912520041598150783e+03 9.955006086570865591e+03 5.218342451025555056e+04 0.000000000000000000e+00
1.749060928220671177e+09 1.040887642038091508e+04 1.039994205288723424e+04 5.148445417254420317e+04 1.000000000000000000e+00
1.749060928220671177e+09 9.992529724214255111e+03 1.002432150485517195e+04 5.216672240082451754e+04 2.000000000000000000e+00
1.749060928276880741e+09 9.911833760726862238e+03 9.954400716946771354e+03 5.218539325231202383e+04 0.000000000000000000e+00
1.749060928276880741e+09 1.038479333493592094e+04 1.037791049121799188e+04 5.148821671101239190e+04 1.000000000000000000e+00
1.749060928276880741e+09 1.000343594998594563e+04 1.004569695388946275e+04 5.216288696999253443e+04 2.000000000000000000e+00
1.749060928333143711e+09 9.912300305062643019e+03 9.954098130785425383e+03 5.218218430311699194e+04 0.000000000000000000e+00
1.749060928333143711e+09 1.043609976541126343e+04 1.038749697733757239e+04 5.141627108617472550e+04 1.000000000000000000e+00
1.749060928333143711e+09 1.000837613189793410e+04 1.004092325358042217e+04 5.216243420949755819e+04 2.000000000000000000e+00
1.749060928389353275e+09 9.912338339291438388e+03 9.951173728490835856e+03 5.218184726684357156e+04 0.000000000000000000e+00
1.749060928389353275e+09 1.055485403806017166e+04 1.037805643994095772e+04 5.158981845867601078e+04 1.000000000000000000e+00
1.749060928389353275e+09 1.000143027596068168e+04 1.004317788081526305e+04 5.216361719113254367e+04 2.000000000000000000e+00
1.749060928445562840e+09 9.913766129675321281e+03 9.949910875667468645e+03 5.218256597917778709e+04 0.000000000000000000e+00
1.749060928445562840e+09 1.064824442533916590e+04 1.049939433949259183e+04 5.161889434488011466e+04 1.000000000000000000e+00
1.749060928445562840e+09 9.979166172506849762e+03 1.004958016424427660e+04 5.216834190714429860e+04 2.000000000000000000e+00
1.749060928501772404e+09 9.915621542555329142e+03 9.954756517050680486e+03 5.218185475738035893e+04 0.000000000000000000e+00
1.749060928501772404e+09 1.062321257274078562e+04 1.039607141759951082e+04 5.154917435955288965e+04 1.000000000000000000e+00
1.749060928501772404e+09 9.989963666591185756e+03 1.005383165788981569e+04 5.216246880664877972e+04 2.000000000000000000e+00
1.749060928557981968e+09 9.912761273347576207e+03 9.956187059165116807e+03 5.218623849918360065e+04 0.000000000000000000e+00
1.749060928557981968e+09 1.076425195430476197e+04 1.041263239645268368e+04 5.155049907306184468e+04 1.000000000000000000e+00
1.749060928557981968e+09 9.979357421801021701e+03 1.007307186870909027e+04 5.216870997856338363e+04 2.000000000000000000e+00
1.749060928614191294e+09 9.916093501481163912e+03 9.958903845345166701e+03 5.218429859033236426e+04 0.000000000000000000e+00
1.749060928614191294e+09 1.069943788968135959e+04 1.028191285423496265e+04 5.144157012410186871e+04 1.000000000000000000e+00
1.749060928614191294e+09 9.971234326102583509e+03 1.004677394462427401e+04 5.216927860625417088e+04 2.000000000000000000e+00
1.749060928670400858e+09 9.916396742654331319e+03 9.955377149558340534e+03 5.218220696425743517e+04 0.000000000000000000e+00
1.749060928670400858e+09 1.058806087379781093e+04 1.011149131988350928e+04 5.144871503247087094e+04 1.000000000000000000e+00
1.749060928670400858e+09 9.994307851537898387e+03 1.003113639886821147e+04 5.216509829898371390e+04 2.000000000000000000e+00
1.749060928726610422e+09 9.912038437952496679e+03 9.950860970596428160e+03 5.218380439387461956e+04 0.000000000000000000e+00
1.749060928726610422e+09 1.039248888786326643e+04 1.000932559873239188e+04 5.149042115562860999e+04 1.000000000000000000e+00
1.749060928726610422e+09 9.977377258097516460e+03 1.005402410934391628e+04 5.216837071197808837e+04 2.000000000000000000e+00
1.749060928782819986e+09 9.912701938753212744e+03 9.946786937472665159e+03 5.218320882704348332e+04 0.000000000000000000e+00
1.749060928782819986e+09 1.049455495313860774e+04 9.893205067073695318e+03 5.148408523130002868e+04 1.000000000000000000e+00
1.749060928782819986e+09 9.994276254770436935e+03 1.004682431993337377e+04 5.216484599920301844e+04 2.000000000000000000e+00
1.749060928839029312e+09 9.914711189380919677e+03 9.956300424608087269e+03 5.218299463493411167e+04 0.000000000000000000e+00
1.749060928839029312e+09 1.042529844050776592e+04 9.816360623464488526e+03 5.146412784592220851e+04 1.000000000000000000e+00
1.749060928839029312e+09 9.975006830366170107e+03 1.005079244855800243e+04 5.216940480144554749e+04 2.000000000000000000e+00
1.749060928895238876e+09 9.912188713015304529e+03 9.945791151551018629e+03 5.218432193238969921e+04 0.000000000000000000e+00
1.749060928895238876e+09 1.046800768389633231e+04 9.743145125433988142e+03 5.143074504940721818e+04 1.000000000000000000e+00
1.749060928895238876e+09 9.980875263997166257e+03 1.003931492354806687e+04 5.216904274182646623e+04 2.000000000000000000e+00
1.749060928951448441e+09 9.917450571698691419e+03 9.952735099705390894e+03 5.218322572334997676e+04 0.000000000000000000e+00
1.749060928951448441e+09 1.053669814025366395e+04 9.810007885992217780e+03 5.140161253595443850e+04 1.000000000000000000e+00
1.749060928951448441e+09 9.959136516808182932e+03 1.003765274096035682e+04 5.217207935280041420e+04 2.000000000000000000e+00
1.749060929007658005e+09 9.915647190568175574e+03 9.952771482449945324e+03 5.218357983806117409e+04 0.000000000000000000e+00
1.749060929007658005e+09 1.046180698780128841e+04 9.849064414576027048e+03 5.134514607438696112e+04 1.000000000000000000e+00
1.749060929007658005e+09 1.000210888520225490e+04 1.003384261756211890e+04 5.216580379952875228e+04 2.000000000000000000e+00
1.749060929063867569e+09 9.915034389359587294e+03 9.955440071320268544e+03 5.218365675207648019e+04 0.000000000000000000e+00
1.749060929063867569e+09 1.044637119310006710e+04 9.900387956277883859e+03 5.142407490543987660e+04 1.000000000000000000e+00
1.749060929063867569e+09 9.976910018846752791e+03 1.005037382305016035e+04 5.216706344387843274e+04 2.000000000000000000e+00
1.749060929120076895e+09 9.915851922163283234e+03 9.956678107901885596e+03 5.218131955095838930e+04 0.000000000000000000e+00
1.749060929120076895e+09 1.045010766489091839e+04 9.800779775167975458e+03 5.139839996786355914e+04 1.000000000000000000e+00
1.749060929120076895e+09 9.991843713674526953e+03 1.006332398366204325e+04 5.216600133110119350e+04 2.000000000000000000e+00
1.749060929176286459e+09 9.915529985546640091e+03 9.950204600743687479e+03 5.218267409006537491e+04 0.000000000000000000e+00
1.749060929176286459e+09 1.030378286794809901e+04 9.968332289644529737e+03 5.136459554602647404e+04 1.000000000000000000e+00
1.749060929176286459e+09 9.984480954443277369e+03 1.003985773413070092e+04 5.216629354354785028e+04 2.000000000000000000e+00
1.749060929232496023e+09 9.911423874046551646e+03 9.946567468381477738e+03 5.218637166423191957e+04 0.000000000000000000e+00
1.749060929232496023e+09 1.025241848772705816e+04 1.006663577915971109e+04 5.124642374363034469e+04 1.000000000000000000e+00
1.749060929232496023e+09 9.960169495557180198e+03 1.001691796198085285e+04 5.217405985694176343e+04 2.000000000000000000e+00
1.749060929288705587e+09 9.916491913801603005e+03 9.954602384049157990e+03 5.218433418218907900e+04 0.000000000000000000e+00
1.749060929288705587e+09 1.040577771462364944e+04 9.986805596698217414e+03 5.133148815590616141e+04 1.000000000000000000e+00
1.749060929288705587e+09 9.963621263465547599e+03 1.005236073556576412e+04 5.217081831863597472e+04 2.000000000000000000e+00
1.749060929344914913e+09 9.916018279779949808e+03 9.950282572037469436e+03 5.218260006645460817e+04 0.000000000000000000e+00
1.749060929344914913e+09 1.031161166089210747e+04 9.898721819355199841e+03 5.138378889967468422e+04 1.000000000000000000e+00
1.749060929344914913e+09 9.990931228661969726e+03 1.005295662414829712e+04 5.216441695239570254e+04 2.000000000000000000e+00
1.749060929401124477e+09 9.911349398656549965e+03 9.946391774235187768e+03 5.218440728148640483e+04 0.000000000000000000e+00
1.749060929401124477e+09 1.047035256936332735e+04 1.005241411311601405e+04 5.132955493535740243e+04 1.000000000000000000e+00
1.749060929401124477e+09 9.962940662429906297e+03 1.004352240816207086e+04 5.217178035312742577e+04 2.000000000000000000e+00
1.749060929457334042e+09 9.910830743838105263e+03 9.945764129535114989e+03 5.218519419019632915e+04 0.000000000000000000e+00
1.749060929457334042e+09 1.042960797475176696e+04 9.959682580459659221e+03 5.135916581452984974e+04 1.000000000000000000e+00
1.749060929457334042e+09 9.970186440945322829e+03 1.007734008054616970e+04 5.216851708262323518e+04 2.000000000000000000e+00
1.749060929513543606e+09 9.914859928534568098e+03 9.951778493176034317e+03 5.218250872638740111e+04 0.000000000000000000e+00
1.749060929513543606e+09 1.044535826680830905e+04 1.000635306987316289e+04 5.138322462959072436e+04 1.000000000000000000e+00
1.749060929513543606e+09 9.995415141755875084e+03 1.005152078877009990e+04 5.216203553189340892e+04 2.000000000000000000e+00
1.749060929569753170e+09 9.917478826962340463e+03 9.954246291174948055e+03 5.218089845484537364e+04 0.000000000000000000e+00
1.749060929569753170e+09 1.034804486066257232e+04 9.726511883860765010e+03 5.132204488266800763e+04 1.000000000000000000e+00
1.749060929569753170e+09 9.996432883411076546e+03 1.003881768360785463e+04 5.216494823608223669e+04 2.000000000000000000e+00
1.749060929625962496e+09 9.913758209462692321e+03 9.954306717121857218e+03 5.218294661839470791e+04 0.000000000000000000e+00
1.749060929625962496e+09 1.056374185196786311e+04 9.769930842412970378e+03 5.123047210218700639e+04 1.000000000000000000e+00
1.749060929625962496e+09 9.976692161445420425e+03 1.006082251150884622e+04 5.216619376243787701e+04 2.000000000000000000e+00
1.749060929682172060e+09 9.914291345418092533e+03 9.954866984823529492e+03 5.218366650780773489e+04 0.000000000000000000e+00
1.749060929682172060e+09 1.047065340603775803e+04 9.614147075169472373e+03 5.122937140781916969e+04 1.000000000000000000e+00
1.749060929682172060e+09 9.997260619784177834e+03 1.005285939981754200e+04 5.216353803559813969e+04 2.000000000000000000e+00
