# Objective(nm), Linear(mm), Rotary (turns) for each: time(sec), position, target, is-moving(bool)
1.749060189933654070e+09 5.249104000000000087e+04 5.250000000000000000e+04 0.000000000000000000e+00 1.749060190144325733e+09 7.150000781249995896e+01 7.150000000000000000e+01 0.000000000000000000e+00 1.749060190163394690e+09 0.000000000000000000e+00 0.000000000000000000e+00 0.000000000000000000e+00
1.749060190026748896e+09 5.249104000000000087e+04 5.250000000000000000e+04 0.000000000000000000e+00 1.749060190238025904e+09 7.150000781249995896e+01 7.150000000000000000e+01 0.000000000000000000e+00 1.749060190257894516e+09 0.000000000000000000e+00 0.000000000000000000e+00 0.000000000000000000e+00
1.749060190121549845e+09 5.250271999999999389e+04 5.250000000000000000e+04 0.000000000000000000e+00 1.749060190330625772e+09 7.150000781249995896e+01 7.150000000000000000e+01 0.000000000000000000e+00 1.749060190350894690e+09 0.000000000000000000e+00 0.000000000000000000e+00 0.000000000000000000e+00
1.749060190214761496e+09 5.249884000000000378e+04 5.250000000000000000e+04 0.000000000000000000e+00 1.749060190424225807e+09 7.150000781249995896e+01 7.150000000000000000e+01 0.000000000000000000e+00 1.749060190442394495e+09 0.000000000000000000e+00 0.000000000000000000e+00 0.000000000000000000e+00
1.749060190305424929e+09 5.249884000000000378e+04 5.250000000000000000e+04 0.000000000000000000e+00 1.749060190501925707e+09 7.150000781249995896e+01 7.150000000000000000e+01 0.000000000000000000e+00 1.749060190520694494e+09 0.000000000000000000e+00 0.000000000000000000e+00 0.000000000000000000e+00
1.749060190383582830e+09 5.249494000000000233e+04 5.250000000000000000e+04 0.000000000000000000e+00 1.749060190579525709e+09 7.150000781249995896e+01 7.150000000000000000e+01 0.000000000000000000e+00 1.749060190597894669e+09 0.000000000000000000e+00 0.000000000000000000e+00 0.000000000000000000e+00
1.749060190461388111e+09 5.249494000000000233e+04 5.250000000000000000e+04 0.000000000000000000e+00 1.749060190673325777e+09 7.150000781249995896e+01 7.150000000000000000e+01 0.000000000000000000e+00 1.749060190691694498e+09 0.000000000000000000e+00 0.000000000000000000e+00 0.000000000000000000e+00
1.749060190554978848e+09 5.248716000000000349e+04 5.250000000000000000e+04 0.000000000000000000e+00 1.749060190766125917e+09 7.150000781249995896e+01 7.150000000000000000e+01 0.000000000000000000e+00 1.749060190785394669e+09 0.000000000000000000e+00 0.000000000000000000e+00 0.000000000000000000e+00
1.749060190648754358e+09 5.249494000000000233e+04 5.250000000000000000e+04 0.000000000000000000e+00 1.749060190860525846e+09 7.150000781249995896e+01 7.150000000000000000e+01 0.000000000000000000e+00 1.749060190878894567e+09 0.000000000000000000e+00 0.000000000000000000e+00 0.000000000000000000e+00
1.749060190742558479e+09 5.249104000000000087e+04 5.250000000000000000e+04 0.000000000000000000e+00 1.749060190953725815e+09 7.150000781249995896e+01 7.150000000000000000e+01 0.000000000000000000e+00 1.749060190972894669e+09 0.000000000000000000e+00 0.000000000000000000e+00 0.000000000000000000e+00
1.749060190836177111e+09 5.249884000000000378e+04 5.250000000000000000e+04 0.000000000000000000e+00 1.749060191046225786e+09 7.150000781249995896e+01 7.150000000000000000e+01 0.000000000000000000e+00 1.749060191066394567e+09 0.000000000000000000e+00 0.000000000000000000e+00 0.000000000000000000e+00
1.749060190929895639e+09 5.250271999999999389e+04 5.250000000000000000e+04 0.000000000000000000e+00 1.749060191139525890e+09 7.150000781249995896e+01 7.150000000000000000e+01 0.000000000000000000e+00 1.749060191158894539e+09 0.000000000000000000e+00 0.000000000000000000e+00 0.000000000000000000e+00
1.749060191022740364e+09 5.250271999999999389e+04 5.250000000000000000e+04 0.000000000000000000e+00 1.749060191232025862e+09 7.150000781249995896e+01 7.150000000000000000e+01 0.000000000000000000e+00 1.749060191251794577e+09 0.000000000000000000e+00 0.000000000000000000e+00 0.000000000000000000e+00
1.749060191115375519e+09 5.250271999999999389e+04 5.250000000000000000e+04 0.000000000000000000e+00 1.749060191324725866e+09 7.150000781249995896e+01 7.150000000000000000e+01 0.000000000000000000e+00 1.749060191343594551e+09 0.000000000000000000e+00 0.000000000000000000e+00 0.000000000000000000e+00
1.749060191207009077e+09 5.249884000000000378e+04 5.250000000000000000e+04 0.000000000000000000e+00 1.749060191419025898e+09 7.150000781249995896e+01 7.150000000000000000e+01 0.000000000000000000e+00 1.749060191437194586e+09 0.000000000000000000e+00 0.000000000000000000e+00 0.000000000000000000e+00
1.749060191300640583e+09 5.249884000000000378e+04 5.250000000000000000e+04 0.000000000000000000e+00 1.749060191511825800e+09 7.150000781249995896e+01 7.150000000000000000e+01 0.000000000000000000e+00 1.749060191531294584e+09 0.000000000000000000e+00 0.000000000000000000e+00 0.000000000000000000e+00
1.749060191394357443e+09 5.249884000000000378e+04 5.250000000000000000e+04 0.000000000000000000e+00 1.749060191604925871e+09 7.150000781249995896e+01 7.150000000000000000e+01 0.000000000000000000e+00 1.749060191624694586e+09 0.000000000000000000e+00 0.000000000000000000e+00 0.000000000000000000e+00
1.749060191488017321e+09 5.249884000000000378e+04 5.250000000000000000e+04 0.000000000000000000e+00 1.749060191696525812e+09 7.150000781249995896e+01 7.150000000000000000e+01 0.000000000000000000e+00 1.749060191716194630e+09 0.000000000000000000e+00 0.000000000000000000e+00 0.000000000000000000e+00
1.749060191579770565e+09 5.249494000000000233e+04 5.250000000000000000e+04 0.000000000000000000e+00 1.749060191789725780e+09 7.150000781249995896e+01 7.150000000000000000e+01 0.000000000000000000e+00 1.749060191807994604e+09 0.000000000000000000e+00 0.000000000000000000e+00 0.000000000000000000e+00
1.749060191671456575e+09 5.249494000000000233e+04 5.250000000000000000e+04 0.000000000000000000e+00 1.749060191882225752e+09 7.150000781249995896e+01 7.150000000000000000e+01 0.000000000000000000e+00 1.749060191901494503e+09 0.000000000000000000e+00 0.000000000000000000e+00 0.000000000000000000e+00
1.749060191765221834e+09 5.249884000000000378e+04 5.250000000000000000e+04 0.000000000000000000e+00 1.749060191975325823e+09 7.150000781249995896e+01 7.150000000000000000e+01 0.000000000000000000e+00 1.749060191995294571e+09 0.000000000000000000e+00 0.000000000000000000e+00 0.000000000000000000e+00
1.749060191858939409e+09 5.249884000000000378e+04 5.250000000000000000e+04 0.000000000000000000e+00 1.749060192068725824e+09 7.150000781249995896e+01 7.150000000000000000e+01 0.000000000000000000e+00 1.749060192086994648e+09 0.000000000000000000e+00 0.000000000000000000e+00 0.000000000000000000e+00
1.749060191950589180e+09 5.249884000000000378e+04 5.250000000000000000e+04 0.000000000000000000e+00 1.749060192147725821e+09 7.150000781249995896e+01 7.150000000000000000e+01 0.000000000000000000e+00 1.749060192166594505e+09 0.000000000000000000e+00 0.000000000000000000e+00 0.000000000000000000e+00
1.749060192030285597e+09 5.250659999999999854e+04 5.250000000000000000e+04 0.000000000000000000e+00 1.749060192241925716e+09 7.150000781249995896e+01 7.150000000000000000e+01 0.000000000000000000e+00 1.749060192260594606e+09 0.000000000000000000e+00 0.000000000000000000e+00 0.000000000000000000e+00
1.749060192123971224e+09 5.250659999999999854e+04 5.250000000000000000e+04 0.000000000000000000e+00 1.749060192335625887e+09 7.150000781249995896e+01 7.150000000000000000e+01 0.000000000000000000e+00 1.749060192355894566e+09 0.000000000000000000e+00 0.000000000000000000e+00 0.000000000000000000e+00
1.749060192219770193e+09 5.249884000000000378e+04 5.250000000000000000e+04 0.000000000000000000e+00 1.749060192429125786e+09 7.150000781249995896e+01 7.150000000000000000e+01 0.000000000000000000e+00 1.749060192447694540e+09 0.000000000000000000e+00 0.000000000000000000e+00 0.000000000000000000e+00
1.749060192311403751e+09 5.250271999999999389e+04 5.250000000000000000e+04 0.000000000000000000e+00 1.749060192521825790e+09 7.150000781249995896e+01 7.150000000000000000e+01 0.000000000000000000e+00 1.749060192541594505e+09 0.000000000000000000e+00 0.000000000000000000e+00 0.000000000000000000e+00
1.749060192405086279e+09 5.249884000000000378e+04 5.250000000000000000e+04 0.000000000000000000e+00 1.749060192615625858e+09 7.150000781249995896e+01 7.150000000000000000e+01 0.000000000000000000e+00 1.749060192635894537e+09 0.000000000000000000e+00 0.000000000000000000e+00 0.000000000000000000e+00
1.749060192498860598e+09 5.250271999999999389e+04 5.250000000000000000e+04 0.000000000000000000e+00 1.749060192709425926e+09 7.150000781249995896e+01 7.150000000000000000e+01 0.000000000000000000e+00 1.749060192728794575e+09 0.000000000000000000e+00 0.000000000000000000e+00 0.000000000000000000e+00
1.749060192592489481e+09 5.249884000000000378e+04 5.250000000000000000e+04 0.000000000000000000e+00 1.749060192802625895e+09 7.150000781249995896e+01 7.150000000000000000e+01 0.000000000000000000e+00 1.749060192822994471e+09 0.000000000000000000e+00 0.000000000000000000e+00 0.000000000000000000e+00
1.749060192686195612e+09 5.249884000000000378e+04 5.250000000000000000e+04 0.000000000000000000e+00 1.749060192895325899e+09 7.150000781249995896e+01 7.150000000000000000e+01 0.000000000000000000e+00 1.749060192915194511e+09 0.000000000000000000e+00 0.000000000000000000e+00 0.000000000000000000e+00
1.749060192779037476e+09 5.249494000000000233e+04 5.250000000000000000e+04 0.000000000000000000e+00 1.749060192987725735e+09 7.150000781249995896e+01 7.150000000000000000e+01 0.000000000000000000e+00 1.749060193006094456e+09 0.000000000000000000e+00 0.000000000000000000e+00 0.000000000000000000e+00
1.749060192869766951e+09 5.249494000000000233e+04 5.250000000000000000e+04 0.000000000000000000e+00 1.749060193082225800e+09 7.150000781249995896e+01 7.150000000000000000e+01 0.000000000000000000e+00 1.749060193101594687e+09 0.000000000000000000e+00 0.000000000000000000e+00 0.000000000000000000e+00
1.749060192965378284e+09 5.249884000000000378e+04 5.250000000000000000e+04 0.000000000000000000e+00 1.749060193176325798e+09 7.150000781249995896e+01 7.150000000000000000e+01 0.000000000000000000e+00 1.749060193195294619e+09 0.000000000000000000e+00 0.000000000000000000e+00 0.000000000000000000e+00
1.749060193059140682e+09 5.249494000000000233e+04 5.250000000000000000e+04 0.000000000000000000e+00 1.749060193269225836e+09 7.150000781249995896e+01 7.150000000000000000e+01 0.000000000000000000e+00 1.749060193289094687e+09 0.000000000000000000e+00 0.000000000000000000e+00 0.000000000000000000e+00
1.749060193152751207e+09 5.249884000000000378e+04 5.250000000000000000e+04 0.000000000000000000e+00 1.749060193362525702e+09 7.150000781249995896e+01 7.150000000000000000e+01 0.000000000000000000e+00 1.749060193381094456e+09 0.000000000000000000e+00 0.000000000000000000e+00 0.000000000000000000e+00
1.749060193244549513e+09 5.249884000000000378e+04 5.250000000000000000e+04 0.000000000000000000e+00 1.749060193456225872e+09 7.150000781249995896e+01 7.150000000000000000e+01 0.000000000000000000e+00 1.749060193474594593e+09 0.000000000000000000e+00 0.000000000000000000e+00 0.000000000000000000e+00
1.749060193338276148e+09 5.249884000000000378e+04 5.250000000000000000e+04 0.000000000000000000e+00 1.749060193549325705e+09 7.150000781249995896e+01 7.150000000000000000e+01 0.000000000000000000e+00 1.749060193568594456e+09 0.000000000000000000e+00 0.000000000000000000e+00 0.000000000000000000e+00
1.749060193431866169e+09 5.249884000000000378e+04 5.250000000000000000e+04 0.000000000000000000e+00 1.749060193643325806e+09 7.150000781249995896e+01 7.150000000000000000e+01 0.000000000000000000e+00 1.749060193661894560e+09 0.000000000000000000e+00 0.000000000000000000e+00 0.000000000000000000e+00
1.749060193525624514e+09 5.249884000000000378e+04 5.250000000000000000e+04 0.000000000000000000e+00 1.749060193735825777e+09 7.150000781249995896e+01 7.150000000000000000e+01 0.000000000000000000e+00 1.749060193755494595e+09 0.000000000000000000e+00 0.000000000000000000e+00 0.000000000000000000e+00
1.749060193619319916e+09 5.250659999999999854e+04 5.250000000000000000e+04 0.000000000000000000e+00 1.749060193830625772e+09 7.150000781249995896e+01 7.150000000000000000e+01 0.000000000000000000e+00 1.749060193849194527e+09 0.000000000000000000e+00 0.000000000000000000e+00 0.000000000000000000e+00
1.749060193712910891e+09 5.249884000000000378e+04 5.250000000000000000e+04 0.000000000000000000e+00 1.749060193925125837e+09 7.150000781249995896e+01 7.150000000000000000e+01 0.000000000000000000e+00 1.749060193944794655e+09 0.000000000000000000e+00 0.000000000000000000e+00 0.000000000000000000e+00
1.749060193807754278e+09 5.250271999999999389e+04 5.250000000000000000e+04 0.000000000000000000e+00 1.749060194017425776e+09 7.150000781249995896e+01 7.150000000000000000e+01 0.000000000000000000e+00 1.749060194036494493e+09 0.000000000000000000e+00 0.000000000000000000e+00 0.000000000000000000e+00
1.749060193899475813e+09 5.250659999999999854e+04 5.250000000000000000e+04 0.000000000000000000e+00 1.749060194111125708e+09 7.150000781249995896e+01 7.150000000000000000e+01 0.000000000000000000e+00 1.749060194130294561e+09 0.000000000000000000e+00 0.000000000000000000e+00 0.000000000000000000e+00
1.749060193994031906e+09 5.250659999999999854e+04 5.250000000000000000e+04 0.000000000000000000e+00 1.749060194204725742e+09 7.150000781249995896e+01 7.150000000000000000e+01 0.000000000000000000e+00 1.749060194223994493e+09 0.000000000000000000e+00 0.000000000000000000e+00 0.000000000000000000e+00
1.749060194087732077e+09 5.250659999999999854e+04 5.250000000000000000e+04 0.000000000000000000e+00 1.749060194297825813e+09 7.150000781249995896e+01 7.150000000000000000e+01 0.000000000000000000e+00 1.749060194317694664e+09 0.000000000000000000e+00 0.000000000000000000e+00 0.000000000000000000e+00
1.749060194181493044e+09 5.250659999999999854e+04 5.250000000000000000e+04 0.000000000000000000e+00 1.749060194391025782e+09 7.150000781249995896e+01 7.150000000000000000e+01 0.000000000000000000e+00 1.749060194409494638e+09 0.000000000000000000e+00 0.000000000000000000e+00 0.000000000000000000e+00
1.749060194273181200e+09 5.250271999999999389e+04 5.250000000000000000e+04 0.000000000000000000e+00 1.749060194470225811e+09 7.150000781249995896e+01 7.150000000000000000e+01 0.000000000000000000e+00 1.749060194489094496e+09 0.000000000000000000e+00 0.000000000000000000e+00 0.000000000000000000e+00
1.749060194352904081e+09 5.249494000000000233e+04 5.250000000000000000e+04 0.000000000000000000e+00 1.749060194563825846e+09 7.150000781249995896e+01 7.150000000000000000e+01 0.000000000000000000e+00 1.749060194583794594e+09 0.000000000000000000e+00 0.000000000000000000e+00 0.000000000000000000e+00
1.749060194448196888e+09 5.249494000000000233e+04 5.250000000000000000e+04 0.000000000000000000e+00 1.749060194656425714e+09 7.150000781249995896e+01 7.150000000000000000e+01 0.000000000000000000e+00 1.749060194676894665e+09 0.000000000000000000e+00 0.000000000000000000e+00 0.000000000000000000e+00
1.749060194540974617e+09 5.249884000000000378e+04 5.250000000000000000e+04 0.000000000000000000e+00 1.749060194750125885e+09 7.150000781249995896e+01 7.150000000000000000e+01 0.000000000000000000e+00 1.749060194770294666e+09 0.000000000000000000e+00 0.000000000000000000e+00 0.000000000000000000e+00
1.749060194633993387e+09 5.249104000000000087e+04 5.250000000000000000e+04 0.000000000000000000e+00 1.749060194842925787e+09 7.150000781249995896e+01 7.150000000000000000e+01 0.000000000000000000e+00 1.749060194862094641e+09 0.000000000000000000e+00 0.000000000000000000e+00 0.000000000000000000e+00
1.749060194725135326e+09 5.249494000000000233e+04 5.250000000000000000e+04 0.000000000000000000e+00 1.749060194936225891e+09 7.150000781249995896e+01 7.150000000000000000e+01 0.000000000000000000e+00 1.749060194955494642e+09 0.000000000000000000e+00 0.000000000000000000e+00 0.000000000000000000e+00
1.749060194818468094e+09 5.249884000000000378e+04 5.250000000000000000e+04 0.000000000000000000e+00 1.749060195030125856e+09 7.150000781249995896e+01 7.150000000000000000e+01 0.000000000000000000e+00 1.749060195049394608e+09 0.000000000000000000e+00 0.000000000000000000e+00 0.000000000000000000e+00
1.749060194913073301e+09 5.249494000000000233e+04 5.250000000000000000e+04 0.000000000000000000e+00 1.749060195124125719e+09 7.150000781249995896e+01 7.150000000000000000e+01 0.000000000000000000e+00 1.749060195142994642e+09 0.000000000000000000e+00 0.000000000000000000e+00 0.000000000000000000e+00
1.749060195006801128e+09 5.249494000000000233e+04 5.250000000000000000e+04 0.000000000000000000e+00 1.749060195204125881e+09 7.150000781249995896e+01 7.150000000000000000e+01 0.000000000000000000e+00 1.749060195222994566e+09 0.000000000000000000e+00 0.000000000000000000e+00 0.000000000000000000e+00
1.749060195086589098e+09 5.248716000000000349e+04 5.250000000000000000e+04 0.000000000000000000e+00 1.749060195297325850e+09 7.150000781249995896e+01 7.150000000000000000e+01 0.000000000000000000e+00 1.749060195316494465e+09 0.000000000000000000e+00 0.000000000000000000e+00 0.000000000000000000e+00
1.749060195180298567e+09 5.250271999999999389e+04 5.250000000000000000e+04 0.000000000000000000e+00 1.749060195390425920e+09 7.150000781249995896e+01 7.150000000000000000e+01 0.000000000000000000e+00 1.749060195410194635e+09 0.000000000000000000e+00 0.000000000000000000e+00 0.000000000000000000e+00
1.749060195273883820e+09 5.250271999999999389e+04 5.250000000000000000e+04 0.000000000000000000e+00 1.749060195483325720e+09 7.150000781249995896e+01 7.150000000000000000e+01 0.000000000000000000e+00 1.749060195501794577e+09 0.000000000000000000e+00 0.000000000000000000e+00 0.000000000000000000e+00
1.749060195364677429e+09 5.250271999999999389e+04 5.250000000000000000e+04 0.000000000000000000e+00 1.749060195575525761e+09 7.150000781249995896e+01 7.150000000000000000e+01 0.000000000000000000e+00 1.749060195595394611e+09 0.000000000000000000e+00 0.000000000000000000e+00 0.000000000000000000e+00
1.749060195458344698e+09 5.250271999999999389e+04 5.250000000000000000e+04 0.000000000000000000e+00 1.749060195670625925e+09 7.150000781249995896e+01 7.150000000000000000e+01 0.000000000000000000e+00 1.749060195689294577e+09 0.000000000000000000e+00 0.000000000000000000e+00 0.000000000000000000e+00
1.749060195553004265e+09 5.249884000000000378e+04 5.250000000000000000e+04 0.000000000000000000e+00 1.749060195750925779e+09 7.150000781249995896e+01 7.150000000000000000e+01 0.000000000000000000e+00 1.749060195770694494e+09 0.000000000000000000e+00 0.000000000000000000e+00 0.000000000000000000e+00
1.749060195632283688e+09 5.250271999999999389e+04 5.250000000000000000e+04 0.000000000000000000e+00 1.749060195828625917e+09 7.150000781249995896e+01 7.150000000000000000e+01 0.000000000000000000e+00 1.749060195848694563e+09 0.000000000000000000e+00 0.000000000000000000e+00 0.000000000000000000e+00
1.749060195711577654e+09 5.250271999999999389e+04 5.250000000000000000e+04 0.000000000000000000e+00 1.749060195921125889e+09 7.150000781249995896e+01 7.150000000000000000e+01 0.000000000000000000e+00 1.749060195940394640e+09 0.000000000000000000e+00 0.000000000000000000e+00 0.000000000000000000e+00
1.749060195803262234e+09 5.249884000000000378e+04 5.250000000000000000e+04 0.000000000000000000e+00 1.749060196013925791e+09 7.150000781249995896e+01 7.150000000000000000e+01 0.000000000000000000e+00 1.749060196033994675e+09 0.000000000000000000e+00 0.000000000000000000e+00 0.000000000000000000e+00
1.749060195897026539e+09 5.249884000000000378e+04 5.250000000000000000e+04 0.000000000000000000e+00 1.749060196107525826e+09 7.150000781249995896e+01 7.150000000000000000e+01 0.000000000000000000e+00 1.749060196125794649e+09 0.000000000000000000e+00 0.000000000000000000e+00 0.000000000000000000e+00
1.749060195988607883e+09 5.249884000000000378e+04 5.250000000000000000e+04 0.000000000000000000e+00 1.749060196200725794e+09 7.150000781249995896e+01 7.150000000000000000e+01 0.000000000000000000e+00 1.749060196220194578e+09 0.000000000000000000e+00 0.000000000000000000e+00 0.000000000000000000e+00
1.749060196083480835e+09 5.249494000000000233e+04 5.250000000000000000e+04 0.000000000000000000e+00 1.749060196292625904e+09 7.150000781249995896e+01 7.150000000000000000e+01 0.000000000000000000e+00 1.749060196310994625e+09 0.000000000000000000e+00 0.000000000000000000e+00 0.000000000000000000e+00
1.749060196174002647e+09 5.250271999999999389e+04 5.250000000000000000e+04 0.000000000000000000e+00 1.749060196385825872e+09 7.150000781249995896e+01 7.150000000000000000e+01 0.000000000000000000e+00 1.749060196405494452e+09 0.000000000000000000e+00 0.000000000000000000e+00 0.000000000000000000e+00
1.749060196268693924e+09 5.251050000000000000e+04 5.250000000000000000e+04 0.000000000000000000e+00 1.749060196478425741e+09 7.150000781249995896e+01 7.150000000000000000e+01 0.000000000000000000e+00 1.749060196498294592e+09 0.000000000000000000e+00 0.000000000000000000e+00 0.000000000000000000e+00
1.749060196361449480e+09 5.250659999999999854e+04 5.250000000000000000e+04 0.000000000000000000e+00 1.749060196570925713e+09 7.150000781249995896e+01 7.150000000000000000e+01 0.000000000000000000e+00 1.749060196590294600e+09 0.000000000000000000e+00 0.000000000000000000e+00 0.000000000000000000e+00
1.749060196453138113e+09 5.249494000000000233e+04 5.250000000000000000e+04 0.000000000000000000e+00 1.749060196664525747e+09 7.150000781249995896e+01 7.150000000000000000e+01 0.000000000000000000e+00 1.749060196683994532e+09 0.000000000000000000e+00 0.000000000000000000e+00 0.000000000000000000e+00
1.749060196546846390e+09 5.250271999999999389e+04 5.250000000000000000e+04 0.000000000000000000e+00 1.749060196755425930e+09 7.150000781249995896e+01 7.150000000000000000e+01 0.000000000000000000e+00 1.749060196775694609e+09 0.000000000000000000e+00 0.000000000000000000e+00 0.000000000000000000e+00
1.749060196638568640e+09 5.250271999999999389e+04 5.250000000000000000e+04 0.000000000000000000e+00 1.749060196848925829e+09 7.150000781249995896e+01 7.150000000000000000e+01 0.000000000000000000e+00 1.749060196867194653e+09 0.000000000000000000e+00 0.000000000000000000e+00 0.000000000000000000e+00
1.749060196730341911e+09 5.250271999999999389e+04 5.250000000000000000e+04 0.000000000000000000e+00 1.749060196940125704e+09 7.150000781249995896e+01 7.150000000000000000e+01 0.000000000000000000e+00 1.749060196958994627e+09 0.000000000000000000e+00 0.000000000000000000e+00 0.000000000000000000e+00
1.749060196821577787e+09 5.249884000000000378e+04 5.250000000000000000e+04 0.000000000000000000e+00 1.749060197033625841e+09 7.150000781249995896e+01 7.150000000000000000e+01 0.000000000000000000e+00 1.749060197052894592e+09 0.000000000000000000e+00 0.000000000000000000e+00 0.000000000000000000e+00
1.749060196915687561e+09 5.250659999999999854e+04 5.250000000000000000e+04 0.000000000000000000e+00 1.749060197127325773e+09 7.150000781249995896e+01 7.150000000000000000e+01 0.000000000000000000e+00 1.749060197146194458e+09 0.000000000000000000e+00 0.000000000000000000e+00 0.000000000000000000e+00
1.749060197009352922e+09 5.250271999999999389e+04 5.250000000000000000e+04 0.000000000000000000e+00 1.749060197220325708e+09 7.150000781249995896e+01 7.150000000000000000e+01 0.000000000000000000e+00 1.749060197240094662e+09 0.000000000000000000e+00 0.000000000000000000e+00 0.000000000000000000e+00
1.749060197103058100e+09 5.249494000000000233e+04 5.250000000000000000e+04 0.000000000000000000e+00 1.749060197312725782e+09 7.150000781249995896e+01 7.150000000000000000e+01 0.000000000000000000e+00 1.749060197331594467e+09 0.000000000000000000e+00 0.000000000000000000e+00 0.000000000000000000e+00
1.749060197194769382e+09 5.249494000000000233e+04 5.250000000000000000e+04 0.000000000000000000e+00 1.749060197406525850e+09 7.150000781249995896e+01 7.150000000000000000e+01 0.000000000000000000e+00 1.749060197425294638e+09 0.000000000000000000e+00 0.000000000000000000e+00 0.000000000000000000e+00
1.749060197288481236e+09 5.249494000000000233e+04 5.250000000000000000e+04 0.000000000000000000e+00 1.749060197499725819e+09 7.150000781249995896e+01 7.150000000000000000e+01 0.000000000000000000e+00 1.749060197519294500e+09 0.000000000000000000e+00 0.000000000000000000e+00 0.000000000000000000e+00
1.749060197382240772e+09 5.249494000000000233e+04 5.250000000000000000e+04 0.000000000000000000e+00 1.749060197592925787e+09 7.150000781249995896e+01 7.150000000000000000e+01 0.000000000000000000e+00 1.749060197612894535e+09 0.000000000000000000e+00 0.000000000000000000e+00 0.000000000000000000e+00
1.749060197476416111e+09 5.250271999999999389e+04 5.250000000000000000e+04 0.000000000000000000e+00 1.749060197687925816e+09 7.150000781249995896e+01 7.150000000000000000e+01 0.000000000000000000e+00 1.749060197706494570e+09 0.000000000000000000e+00 0.000000000000000000e+00 0.000000000000000000e+00
1.749060197569653273e+09 5.249494000000000233e+04 5.250000000000000000e+04 0.000000000000000000e+00 1.749060197765925884e+09 7.150000781249995896e+01 7.150000000000000000e+01 0.000000000000000000e+00 1.749060197784194469e+09 0.000000000000000000e+00 0.000000000000000000e+00 0.000000000000000000e+00
1.749060197647356987e+09 5.249884000000000378e+04 5.250000000000000000e+04 0.000000000000000000e+00 1.749060197843325853e+09 7.150000781249995896e+01 7.150000000000000000e+01 0.000000000000000000e+00 1.749060197862094641e+09 0.000000000000000000e+00 0.000000000000000000e+00 0.000000000000000000e+00
1.749060197724660873e+09 5.250271999999999389e+04 5.250000000000000000e+04 0.000000000000000000e+00 1.749060197935325861e+09 7.150000781249995896e+01 7.150000000000000000e+01 0.000000000000000000e+00 1.749060197953694582e+09 0.000000000000000000e+00 0.000000000000000000e+00 0.000000000000000000e+00
1.749060197816803694e+09 5.249494000000000233e+04 5.250000000000000000e+04 0.000000000000000000e+00 1.749060198028225899e+09 7.150000781249995896e+01 7.150000000000000000e+01 0.000000000000000000e+00 1.749060198048294544e+09 0.000000000000000000e+00 0.000000000000000000e+00 0.000000000000000000e+00
1.749060197911495447e+09 5.249494000000000233e+04 5.250000000000000000e+04 0.000000000000000000e+00 1.749060198122425795e+09 7.150000781249995896e+01 7.150000000000000000e+01 0.000000000000000000e+00 1.749060198140994549e+09 0.000000000000000000e+00 0.000000000000000000e+00 0.000000000000000000e+00
1.749060198004201889e+09 5.249494000000000233e+04 5.250000000000000000e+04 0.000000000000000000e+00 1.749060198215225697e+09 7.150000781249995896e+01 7.150000000000000000e+01 0.000000000000000000e+00 1.749060198234894514e+09 0.000000000000000000e+00 0.000000000000000000e+00 0.000000000000000000e+00
1.749060198097960711e+09 5.249494000000000233e+04 5.250000000000000000e+04 0.000000000000000000e+00 1.749060198307325840e+09 7.150000781249995896e+01 7.150000000000000000e+01 0.000000000000000000e+00 1.749060198326494455e+09 0.000000000000000000e+00 0.000000000000000000e+00 0.000000000000000000e+00
1.749060198189622879e+09 5.250659999999999854e+04 5.250000000000000000e+04 0.000000000000000000e+00 1.749060198400825739e+09 7.150000781249995896e+01 7.150000000000000000e+01 0.000000000000000000e+00 1.749060198420394659e+09 0.000000000000000000e+00 0.000000000000000000e+00 0.000000000000000000e+00
1.749060198284675598e+09 5.250271999999999389e+04 5.250000000000000000e+04 0.000000000000000000e+00 1.749060198494125843e+09 7.150000781249995896e+01 7.150000000000000000e+01 0.000000000000000000e+00 1.749060198513794661e+09 0.000000000000000000e+00 0.000000000000000000e+00 0.000000000000000000e+00
1.749060198377042770e+09 5.250659999999999854e+04 5.250000000000000000e+04 0.000000000000000000e+00 1.749060198587025881e+09 7.150000781249995896e+01 7.150000000000000000e+01 0.000000000000000000e+00 1.749060198605794668e+09 0.000000000000000000e+00 0.000000000000000000e+00 0.000000000000000000e+00
1.749060198468735695e+09 5.249884000000000378e+04 5.250000000000000000e+04 0.000000000000000000e+00 1.749060198679125786e+09 7.150000781249995896e+01 7.150000000000000000e+01 0.000000000000000000e+00 1.749060198697594643e+09 0.000000000000000000e+00 0.000000000000000000e+00 0.000000000000000000e+00
1.749060198560437918e+09 5.249494000000000233e+04 5.250000000000000000e+04 0.000000000000000000e+00 1.749060198756625891e+09 7.150000781249995896e+01 7.150000000000000000e+01 0.000000000000000000e+00 1.749060198774994612e+09 0.000000000000000000e+00 0.000000000000000000e+00 0.000000000000000000e+00
1.749060198638264179e+09 5.249494000000000233e+04 5.250000000000000000e+04 0.000000000000000000e+00 1.749060198850025892e+09 7.150000781249995896e+01 7.150000000000000000e+01 0.000000000000000000e+00 1.749060198868694544e+09 0.000000000000000000e+00 0.000000000000000000e+00 0.000000000000000000e+00
1.749060198731998920e+09 5.249494000000000233e+04 5.250000000000000000e+04 0.000000000000000000e+00 1.749060198942625761e+09 7.150000781249995896e+01 7.150000000000000000e+01 0.000000000000000000e+00 1.749060198962394476e+09 0.000000000000000000e+00 0.000000000000000000e+00 0.000000000000000000e+00
1.749060198825626373e+09 5.249494000000000233e+04 5.250000000000000000e+04 0.000000000000000000e+00 1.749060199037525892e+09 7.150000781249995896e+01 7.150000000000000000e+01 0.000000000000000000e+00 1.749060199056294680e+09 0.000000000000000000e+00 0.000000000000000000e+00 0.000000000000000000e+00
1.749060198919439554e+09 5.249884000000000378e+04 5.250000000000000000e+04 0.000000000000000000e+00 1.749060199129625797e+09 7.150000781249995896e+01 7.150000000000000000e+01 0.000000000000000000e+00 1.749060199148294687e+09 0.000000000000000000e+00 0.000000000000000000e+00 0.000000000000000000e+00
1.749060199012046576e+09 5.251050000000000000e+04 5.250000000000000000e+04 0.000000000000000000e+00 1.749060199222625732e+09 7.150000781249995896e+01 7.150000000000000000e+01 0.000000000000000000e+00 1.749060199241494656e+09 0.000000000000000000e+00 0.000000000000000000e+00 0.000000000000000000e+00
