# Objective(nm), Linear(mm), Rotary (turns) for each: time(sec), position, target, is-moving(bool)
1.749060199112532377e+09 5.251050000000000000e+04 5.250000000000000000e+04 0.000000000000000000e+00 1.749060199316225767e+09 7.150000781249995896e+01 7.150000000000000000e+01 0.000000000000000000e+00 1.749060199334994555e+09 0.000000000000000000e+00 0.000000000000000000e+00 0.000000000000000000e+00
1.749060199198549509e+09 5.250659999999999854e+04 5.250000000000000000e+04 0.000000000000000000e+00 1.749060199409125805e+09 7.150000781249995896e+01 7.150000000000000000e+01 0.000000000000000000e+00 1.749060199428994656e+09 0.000000000000000000e+00 0.000000000000000000e+00 0.000000000000000000e+00
1.749060199292256594e+09 5.249884000000000378e+04 5.250000000000000000e+04 0.000000000000000000e+00 1.749060199502625704e+09 7.150000781249995896e+01 7.150000000000000000e+01 0.000000000000000000e+00 1.749060199522594452e+09 0.000000000000000000e+00 0.000000000000000000e+00 0.000000000000000000e+00
1.749060199385921240e+09 5.249494000000000233e+04 5.250000000000000000e+04 0.000000000000000000e+00 1.749060199594625711e+09 7.150000781249995896e+01 7.150000000000000000e+01 0.000000000000000000e+00 1.749060199614294529e+09 0.000000000000000000e+00 0.000000000000000000e+00 0.000000000000000000e+00
1.749060199477550507e+09 5.249494000000000233e+04 5.250000000000000000e+04 0.000000000000000000e+00 1.749060199688725710e+09 7.150000781249995896e+01 7.150000000000000000e+01 0.000000000000000000e+00 1.749060199707994461e+09 0.000000000000000000e+00 0.000000000000000000e+00 0.000000000000000000e+00
1.749060199571999073e+09 5.249494000000000233e+04 5.250000000000000000e+04 0.000000000000000000e+00 1.749060199782125711e+09 7.150000781249995896e+01 7.150000000000000000e+01 0.000000000000000000e+00 1.749060199801794529e+09 0.000000000000000000e+00 0.000000000000000000e+00 0.000000000000000000e+00
1.749060199664990187e+09 5.249884000000000378e+04 5.250000000000000000e+04 0.000000000000000000e+00 1.749060199876225710e+09 7.150000781249995896e+01 7.150000000000000000e+01 0.000000000000000000e+00 1.749060199895494461e+09 0.000000000000000000e+00 0.000000000000000000e+00 0.000000000000000000e+00
1.749060199758681059e+09 5.249494000000000233e+04 5.250000000000000000e+04 0.000000000000000000e+00 1.749060199968825817e+09 7.150000781249995896e+01 7.150000000000000000e+01 0.000000000000000000e+00 1.749060199987294674e+09 0.000000000000000000e+00 0.000000000000000000e+00 0.000000000000000000e+00
1.749060199850489378e+09 5.249494000000000233e+04 5.250000000000000000e+04 0.000000000000000000e+00 1.749060200062525749e+09 7.150000781249995896e+01 7.150000000000000000e+01 0.000000000000000000e+00 1.749060200080794573e+09 0.000000000000000000e+00 0.000000000000000000e+00 0.000000000000000000e+00
1.749060199944180489e+09 5.250271999999999389e+04 5.250000000000000000e+04 0.000000000000000000e+00 1.749060200141125917e+09 7.150000781249995896e+01 7.150000000000000000e+01 0.000000000000000000e+00 1.749060200160794497e+09 0.000000000000000000e+00 0.000000000000000000e+00 0.000000000000000000e+00
1.749060200023938417e+09 5.250659999999999854e+04 5.250000000000000000e+04 0.000000000000000000e+00 1.749060200234225750e+09 7.150000781249995896e+01 7.150000000000000000e+01 0.000000000000000000e+00 1.749060200254494667e+09 0.000000000000000000e+00 0.000000000000000000e+00 0.000000000000000000e+00
1.749060200118033648e+09 5.250659999999999854e+04 5.250000000000000000e+04 0.000000000000000000e+00 1.749060200327625751e+09 7.150000781249995896e+01 7.150000000000000000e+01 0.000000000000000000e+00 1.749060200345894575e+09 0.000000000000000000e+00 0.000000000000000000e+00 0.000000000000000000e+00
1.749060200209282160e+09 5.250271999999999389e+04 5.250000000000000000e+04 0.000000000000000000e+00 1.749060200405925751e+09 7.150000781249995896e+01 7.150000000000000000e+01 0.000000000000000000e+00 1.749060200425994635e+09 0.000000000000000000e+00 0.000000000000000000e+00 0.000000000000000000e+00
1.749060200289129496e+09 5.249494000000000233e+04 5.250000000000000000e+04 0.000000000000000000e+00 1.749060200500125885e+09 7.150000781249995896e+01 7.150000000000000000e+01 0.000000000000000000e+00 1.749060200519394636e+09 0.000000000000000000e+00 0.000000000000000000e+00 0.000000000000000000e+00
1.749060200382867575e+09 5.250271999999999389e+04 5.250000000000000000e+04 0.000000000000000000e+00 1.749060200592525721e+09 7.150000781249995896e+01 7.150000000000000000e+01 0.000000000000000000e+00 1.749060200610994577e+09 0.000000000000000000e+00 0.000000000000000000e+00 0.000000000000000000e+00
1.749060200474513054e+09 5.250271999999999389e+04 5.250000000000000000e+04 0.000000000000000000e+00 1.749060200671325922e+09 7.150000781249995896e+01 7.150000000000000000e+01 0.000000000000000000e+00 1.749060200690794468e+09 0.000000000000000000e+00 0.000000000000000000e+00 0.000000000000000000e+00
1.749060200554140568e+09 5.249494000000000233e+04 5.250000000000000000e+04 0.000000000000000000e+00 1.749060200763825893e+09 7.150000781249995896e+01 7.150000000000000000e+01 0.000000000000000000e+00 1.749060200782394648e+09 0.000000000000000000e+00 0.000000000000000000e+00 0.000000000000000000e+00
1.749060200645956516e+09 5.249494000000000233e+04 5.250000000000000000e+04 0.000000000000000000e+00 1.749060200857625723e+09 7.150000781249995896e+01 7.150000000000000000e+01 0.000000000000000000e+00 1.749060200876394510e+09 0.000000000000000000e+00 0.000000000000000000e+00 0.000000000000000000e+00
1.749060200739658594e+09 5.249884000000000378e+04 5.250000000000000000e+04 0.000000000000000000e+00 1.749060200950025797e+09 7.150000781249995896e+01 7.150000000000000000e+01 0.000000000000000000e+00 1.749060200969794512e+09 0.000000000000000000e+00 0.000000000000000000e+00 0.000000000000000000e+00
1.749060200833287001e+09 5.250271999999999389e+04 5.250000000000000000e+04 0.000000000000000000e+00 1.749060201043325901e+09 7.150000781249995896e+01 7.150000000000000000e+01 0.000000000000000000e+00 1.749060201061794519e+09 0.000000000000000000e+00 0.000000000000000000e+00 0.000000000000000000e+00
1.749060200925089359e+09 5.249884000000000378e+04 5.250000000000000000e+04 0.000000000000000000e+00 1.749060201137125731e+09 7.150000781249995896e+01 7.150000000000000000e+01 0.000000000000000000e+00 1.749060201157194614e+09 0.000000000000000000e+00 0.000000000000000000e+00 0.000000000000000000e+00
1.749060201020716190e+09 5.250659999999999854e+04 5.250000000000000000e+04 0.000000000000000000e+00 1.749060201229425907e+09 7.150000781249995896e+01 7.150000000000000000e+01 0.000000000000000000e+00 1.749060201249194622e+09 0.000000000000000000e+00 0.000000000000000000e+00 0.000000000000000000e+00
1.749060201113005877e+09 5.250271999999999389e+04 5.250000000000000000e+04 0.000000000000000000e+00 1.749060201322625875e+09 7.150000781249995896e+01 7.150000000000000000e+01 0.000000000000000000e+00 1.749060201342694521e+09 0.000000000000000000e+00 0.000000000000000000e+00 0.000000000000000000e+00
1.749060201206203699e+09 5.250271999999999389e+04 5.250000000000000000e+04 0.000000000000000000e+00 1.749060201415225744e+09 7.150000781249995896e+01 7.150000000000000000e+01 0.000000000000000000e+00 1.749060201434294462e+09 0.000000000000000000e+00 0.000000000000000000e+00 0.000000000000000000e+00
1.749060201298020601e+09 5.249884000000000378e+04 5.250000000000000000e+04 0.000000000000000000e+00 1.749060201509325743e+09 7.150000781249995896e+01 7.150000000000000000e+01 0.000000000000000000e+00 1.749060201528394461e+09 0.000000000000000000e+00 0.000000000000000000e+00 0.000000000000000000e+00
1.749060201391634226e+09 5.249494000000000233e+04 5.250000000000000000e+04 0.000000000000000000e+00 1.749060201601925850e+09 7.150000781249995896e+01 7.150000000000000000e+01 0.000000000000000000e+00 1.749060201621594667e+09 0.000000000000000000e+00 0.000000000000000000e+00 0.000000000000000000e+00
1.749060201485298395e+09 5.249494000000000233e+04 5.250000000000000000e+04 0.000000000000000000e+00 1.749060201695625782e+09 7.150000781249995896e+01 7.150000000000000000e+01 0.000000000000000000e+00 1.749060201715594530e+09 0.000000000000000000e+00 0.000000000000000000e+00 0.000000000000000000e+00
1.749060201578976870e+09 5.249494000000000233e+04 5.250000000000000000e+04 0.000000000000000000e+00 1.749060201788925886e+09 7.150000781249995896e+01 7.150000000000000000e+01 0.000000000000000000e+00 1.749060201806994677e+09 0.000000000000000000e+00 0.000000000000000000e+00 0.000000000000000000e+00
1.749060201670644045e+09 5.250271999999999389e+04 5.250000000000000000e+04 0.000000000000000000e+00 1.749060201867525816e+09 7.150000781249995896e+01 7.150000000000000000e+01 0.000000000000000000e+00 1.749060201886794567e+09 0.000000000000000000e+00 0.000000000000000000e+00 0.000000000000000000e+00
1.749060201750403881e+09 5.249884000000000378e+04 5.250000000000000000e+04 0.000000000000000000e+00 1.749060201960625887e+09 7.150000781249995896e+01 7.150000000000000000e+01 0.000000000000000000e+00 1.749060201980894566e+09 0.000000000000000000e+00 0.000000000000000000e+00 0.000000000000000000e+00
1.749060201844073296e+09 5.251050000000000000e+04 5.250000000000000000e+04 0.000000000000000000e+00 1.749060202054025888e+09 7.150000781249995896e+01 7.150000000000000000e+01 0.000000000000000000e+00 1.749060202072494507e+09 0.000000000000000000e+00 0.000000000000000000e+00 0.000000000000000000e+00
1.749060201936404467e+09 5.249884000000000378e+04 5.250000000000000000e+04 0.000000000000000000e+00 1.749060202146225929e+09 7.150000781249995896e+01 7.150000000000000000e+01 0.000000000000000000e+00 1.749060202166794538e+09 0.000000000000000000e+00 0.000000000000000000e+00 0.000000000000000000e+00
1.749060202029466391e+09 5.250271999999999389e+04 5.250000000000000000e+04 0.000000000000000000e+00 1.749060202239425898e+09 7.150000781249995896e+01 7.150000000000000000e+01 0.000000000000000000e+00 1.749060202257694483e+09 0.000000000000000000e+00 0.000000000000000000e+00 0.000000000000000000e+00
1.749060202121186495e+09 5.249884000000000378e+04 5.250000000000000000e+04 0.000000000000000000e+00 1.749060202317725897e+09 7.150000781249995896e+01 7.150000000000000000e+01 0.000000000000000000e+00 1.749060202337694645e+09 0.000000000000000000e+00 0.000000000000000000e+00 0.000000000000000000e+00
1.749060202201087713e+09 5.249884000000000378e+04 5.250000000000000000e+04 0.000000000000000000e+00 1.749060202411725760e+09 7.150000781249995896e+01 7.150000000000000000e+01 0.000000000000000000e+00 1.749060202431194544e+09 0.000000000000000000e+00 0.000000000000000000e+00 0.000000000000000000e+00
1.749060202294692516e+09 5.249494000000000233e+04 5.250000000000000000e+04 0.000000000000000000e+00 1.749060202504925728e+09 7.150000781249995896e+01 7.150000000000000000e+01 0.000000000000000000e+00 1.749060202524694681e+09 0.000000000000000000e+00 0.000000000000000000e+00 0.000000000000000000e+00
1.749060202388333321e+09 5.250271999999999389e+04 5.250000000000000000e+04 0.000000000000000000e+00 1.749060202599425793e+09 7.150000781249995896e+01 7.150000000000000000e+01 0.000000000000000000e+00 1.749060202618994474e+09 0.000000000000000000e+00 0.000000000000000000e+00 0.000000000000000000e+00
1.749060202482109070e+09 5.249884000000000378e+04 5.250000000000000000e+04 0.000000000000000000e+00 1.749060202691625834e+09 7.150000781249995896e+01 7.150000000000000000e+01 0.000000000000000000e+00 1.749060202710194588e+09 0.000000000000000000e+00 0.000000000000000000e+00 0.000000000000000000e+00
1.749060202573751926e+09 5.249494000000000233e+04 5.250000000000000000e+04 0.000000000000000000e+00 1.749060202784125805e+09 7.150000781249995896e+01 7.150000000000000000e+01 0.000000000000000000e+00 1.749060202804094553e+09 0.000000000000000000e+00 0.000000000000000000e+00 0.000000000000000000e+00
1.749060202667503357e+09 5.250271999999999389e+04 5.250000000000000000e+04 0.000000000000000000e+00 1.749060202877125740e+09 7.150000781249995896e+01 7.150000000000000000e+01 0.000000000000000000e+00 1.749060202895594597e+09 0.000000000000000000e+00 0.000000000000000000e+00 0.000000000000000000e+00
1.749060202759325266e+09 5.249884000000000378e+04 5.250000000000000000e+04 0.000000000000000000e+00 1.749060202972425699e+09 7.150000781249995896e+01 7.150000000000000000e+01 0.000000000000000000e+00 1.749060202991194487e+09 0.000000000000000000e+00 0.000000000000000000e+00 0.000000000000000000e+00
1.749060202855040073e+09 5.249884000000000378e+04 5.250000000000000000e+04 0.000000000000000000e+00 1.749060203065425873e+09 7.150000781249995896e+01 7.150000000000000000e+01 0.000000000000000000e+00 1.749060203085794687e+09 0.000000000000000000e+00 0.000000000000000000e+00 0.000000000000000000e+00
1.749060202948551655e+09 5.249494000000000233e+04 5.250000000000000000e+04 0.000000000000000000e+00 1.749060203158125877e+09 7.150000781249995896e+01 7.150000000000000000e+01 0.000000000000000000e+00 1.749060203176994562e+09 0.000000000000000000e+00 0.000000000000000000e+00 0.000000000000000000e+00
1.749060203040270805e+09 5.250271999999999389e+04 5.250000000000000000e+04 0.000000000000000000e+00 1.749060203252025843e+09 7.150000781249995896e+01 7.150000000000000000e+01 0.000000000000000000e+00 1.749060203270394564e+09 0.000000000000000000e+00 0.000000000000000000e+00 0.000000000000000000e+00
1.749060203134061098e+09 5.250271999999999389e+04 5.250000000000000000e+04 0.000000000000000000e+00 1.749060203346225739e+09 7.150000781249995896e+01 7.150000000000000000e+01 0.000000000000000000e+00 1.749060203366094589e+09 0.000000000000000000e+00 0.000000000000000000e+00 0.000000000000000000e+00
1.749060203229737997e+09 5.250271999999999389e+04 5.250000000000000000e+04 0.000000000000000000e+00 1.749060203438725710e+09 7.150000781249995896e+01 7.150000000000000000e+01 0.000000000000000000e+00 1.749060203457594633e+09 0.000000000000000000e+00 0.000000000000000000e+00 0.000000000000000000e+00
1.749060203320491552e+09 5.250271999999999389e+04 5.250000000000000000e+04 0.000000000000000000e+00 1.749060203516225815e+09 7.150000781249995896e+01 7.150000000000000000e+01 0.000000000000000000e+00 1.749060203535494566e+09 0.000000000000000000e+00 0.000000000000000000e+00 0.000000000000000000e+00
1.749060203399208307e+09 5.249884000000000378e+04 5.250000000000000000e+04 0.000000000000000000e+00 1.749060203610425711e+09 7.150000781249995896e+01 7.150000000000000000e+01 0.000000000000000000e+00 1.749060203629394531e+09 0.000000000000000000e+00 0.000000000000000000e+00 0.000000000000000000e+00
1.749060203492887020e+09 5.249884000000000378e+04 5.250000000000000000e+04 0.000000000000000000e+00 1.749060203704025745e+09 7.150000781249995896e+01 7.150000000000000000e+01 0.000000000000000000e+00 1.749060203722894669e+09 0.000000000000000000e+00 0.000000000000000000e+00 0.000000000000000000e+00
1.749060203586575031e+09 5.250271999999999389e+04 5.250000000000000000e+04 0.000000000000000000e+00 1.749060203798625708e+09 7.150000781249995896e+01 7.150000000000000000e+01 0.000000000000000000e+00 1.749060203818794489e+09 0.000000000000000000e+00 0.000000000000000000e+00 0.000000000000000000e+00
1.749060203682240486e+09 5.250659999999999854e+04 5.250000000000000000e+04 0.000000000000000000e+00 1.749060203890625715e+09 7.150000781249995896e+01 7.150000000000000000e+01 0.000000000000000000e+00 1.749060203910494566e+09 0.000000000000000000e+00 0.000000000000000000e+00 0.000000000000000000e+00
1.749060203773984194e+09 5.249494000000000233e+04 5.250000000000000000e+04 0.000000000000000000e+00 1.749060203983225822e+09 7.150000781249995896e+01 7.150000000000000000e+01 0.000000000000000000e+00 1.749060204001994610e+09 0.000000000000000000e+00 0.000000000000000000e+00 0.000000000000000000e+00
1.749060203863930464e+09 5.249494000000000233e+04 5.250000000000000000e+04 0.000000000000000000e+00 1.749060204075625896e+09 7.150000781249995896e+01 7.150000000000000000e+01 0.000000000000000000e+00 1.749060204094094515e+09 0.000000000000000000e+00 0.000000000000000000e+00 0.000000000000000000e+00
1.749060203957462311e+09 5.250271999999999389e+04 5.250000000000000000e+04 0.000000000000000000e+00 1.749060204169425726e+09 7.150000781249995896e+01 7.150000000000000000e+01 0.000000000000000000e+00 1.749060204189594507e+09 0.000000000000000000e+00 0.000000000000000000e+00 0.000000000000000000e+00
1.749060204053087473e+09 5.250659999999999854e+04 5.250000000000000000e+04 0.000000000000000000e+00 1.749060204262025833e+09 7.150000781249995896e+01 7.150000000000000000e+01 0.000000000000000000e+00 1.749060204280994654e+09 0.000000000000000000e+00 0.000000000000000000e+00 0.000000000000000000e+00
1.749060204143846989e+09 5.250659999999999854e+04 5.250000000000000000e+04 0.000000000000000000e+00 1.749060204355925798e+09 7.150000781249995896e+01 7.150000000000000000e+01 0.000000000000000000e+00 1.749060204375694513e+09 0.000000000000000000e+00 0.000000000000000000e+00 0.000000000000000000e+00
1.749060204238508224e+09 5.249494000000000233e+04 5.250000000000000000e+04 0.000000000000000000e+00 1.749060204450625896e+09 7.150000781249995896e+01 7.150000000000000000e+01 0.000000000000000000e+00 1.749060204470594645e+09 0.000000000000000000e+00 0.000000000000000000e+00 0.000000000000000000e+00
1.749060204334178925e+09 5.249884000000000378e+04 5.250000000000000000e+04 0.000000000000000000e+00 1.749060204544625759e+09 7.150000781249995896e+01 7.150000000000000000e+01 0.000000000000000000e+00 1.749060204564594507e+09 0.000000000000000000e+00 0.000000000000000000e+00 0.000000000000000000e+00
1.749060204427919149e+09 5.249104000000000087e+04 5.250000000000000000e+04 0.000000000000000000e+00 1.749060204638225794e+09 7.150000781249995896e+01 7.150000000000000000e+01 0.000000000000000000e+00 1.749060204658294678e+09 0.000000000000000000e+00 0.000000000000000000e+00 0.000000000000000000e+00
1.749060204521683693e+09 5.249884000000000378e+04 5.250000000000000000e+04 0.000000000000000000e+00 1.749060204731625795e+09 7.150000781249995896e+01 7.150000000000000000e+01 0.000000000000000000e+00 1.749060204751494646e+09 0.000000000000000000e+00 0.000000000000000000e+00 0.000000000000000000e+00
1.749060204614260435e+09 5.249884000000000378e+04 5.250000000000000000e+04 0.000000000000000000e+00 1.749060204811225891e+09 7.150000781249995896e+01 7.150000000000000000e+01 0.000000000000000000e+00 1.749060204831394672e+09 0.000000000000000000e+00 0.000000000000000000e+00 0.000000000000000000e+00
1.749060204694081306e+09 5.250271999999999389e+04 5.250000000000000000e+04 0.000000000000000000e+00 1.749060204906025887e+09 7.150000781249995896e+01 7.150000000000000000e+01 0.000000000000000000e+00 1.749060204924894571e+09 0.000000000000000000e+00 0.000000000000000000e+00 0.000000000000000000e+00
1.749060204787744522e+09 5.250659999999999854e+04 5.250000000000000000e+04 0.000000000000000000e+00 1.749060204998025894e+09 7.150000781249995896e+01 7.150000000000000000e+01 0.000000000000000000e+00 1.749060205016994476e+09 0.000000000000000000e+00 0.000000000000000000e+00 0.000000000000000000e+00
1.749060204879813671e+09 5.250271999999999389e+04 5.250000000000000000e+04 0.000000000000000000e+00 1.749060205090225697e+09 7.150000781249995896e+01 7.150000000000000000e+01 0.000000000000000000e+00 1.749060205108394623e+09 0.000000000000000000e+00 0.000000000000000000e+00 0.000000000000000000e+00
1.749060204971260071e+09 5.250659999999999854e+04 5.250000000000000000e+04 0.000000000000000000e+00 1.749060205183925867e+09 7.150000781249995896e+01 7.150000000000000000e+01 0.000000000000000000e+00 1.749060205202394485e+09 0.000000000000000000e+00 0.000000000000000000e+00 0.000000000000000000e+00
1.749060205066059828e+09 5.250659999999999854e+04 5.250000000000000000e+04 0.000000000000000000e+00 1.749060205277325869e+09 7.150000781249995896e+01 7.150000000000000000e+01 0.000000000000000000e+00 1.749060205295694590e+09 0.000000000000000000e+00 0.000000000000000000e+00 0.000000000000000000e+00
1.749060205158542633e+09 5.249104000000000087e+04 5.250000000000000000e+04 0.000000000000000000e+00 1.749060205369225740e+09 7.150000781249995896e+01 7.150000000000000000e+01 0.000000000000000000e+00 1.749060205387294531e+09 0.000000000000000000e+00 0.000000000000000000e+00 0.000000000000000000e+00
1.749060205250249386e+09 5.249884000000000378e+04 5.250000000000000000e+04 0.000000000000000000e+00 1.749060205447525740e+09 7.150000781249995896e+01 7.150000000000000000e+01 0.000000000000000000e+00 1.749060205467194557e+09 0.000000000000000000e+00 0.000000000000000000e+00 0.000000000000000000e+00
1.749060205329981804e+09 5.250659999999999854e+04 5.250000000000000000e+04 0.000000000000000000e+00 1.749060205541325808e+09 7.150000781249995896e+01 7.150000000000000000e+01 0.000000000000000000e+00 1.749060205561094522e+09 0.000000000000000000e+00 0.000000000000000000e+00 0.000000000000000000e+00
1.749060205424732447e+09 5.250271999999999389e+04 5.250000000000000000e+04 0.000000000000000000e+00 1.749060205633825779e+09 7.150000781249995896e+01 7.150000000000000000e+01 0.000000000000000000e+00 1.749060205653194666e+09 0.000000000000000000e+00 0.000000000000000000e+00 0.000000000000000000e+00
1.749060205516970158e+09 5.249884000000000378e+04 5.250000000000000000e+04 0.000000000000000000e+00 1.749060205726025820e+09 7.150000781249995896e+01 7.150000000000000000e+01 0.000000000000000000e+00 1.749060205744294643e+09 0.000000000000000000e+00 0.000000000000000000e+00 0.000000000000000000e+00
1.749060205607118845e+09 5.249104000000000087e+04 5.250000000000000000e+04 0.000000000000000000e+00 1.749060205802925825e+09 7.150000781249995896e+01 7.150000000000000000e+01 0.000000000000000000e+00 1.749060205821894646e+09 0.000000000000000000e+00 0.000000000000000000e+00 0.000000000000000000e+00
1.749060205684867144e+09 5.250271999999999389e+04 5.250000000000000000e+04 0.000000000000000000e+00 1.749060205896225929e+09 7.150000781249995896e+01 7.150000000000000000e+01 0.000000000000000000e+00 1.749060205915894508e+09 0.000000000000000000e+00 0.000000000000000000e+00 0.000000000000000000e+00
1.749060205778543711e+09 5.249494000000000233e+04 5.250000000000000000e+04 0.000000000000000000e+00 1.749060205989725828e+09 7.150000781249995896e+01 7.150000000000000000e+01 0.000000000000000000e+00 1.749060206009494543e+09 0.000000000000000000e+00 0.000000000000000000e+00 0.000000000000000000e+00
1.749060205872260332e+09 5.249494000000000233e+04 5.250000000000000000e+04 0.000000000000000000e+00 1.749060206084225893e+09 7.150000781249995896e+01 7.150000000000000000e+01 0.000000000000000000e+00 1.749060206103094578e+09 0.000000000000000000e+00 0.000000000000000000e+00 0.000000000000000000e+00
1.749060205966057539e+09 5.249494000000000233e+04 5.250000000000000000e+04 0.000000000000000000e+00 1.749060206178225756e+09 7.150000781249995896e+01 7.150000000000000000e+01 0.000000000000000000e+00 1.749060206197094679e+09 0.000000000000000000e+00 0.000000000000000000e+00 0.000000000000000000e+00
1.749060206060798168e+09 5.249884000000000378e+04 5.250000000000000000e+04 0.000000000000000000e+00 1.749060206271325827e+09 7.150000781249995896e+01 7.150000000000000000e+01 0.000000000000000000e+00 1.749060206290294647e+09 0.000000000000000000e+00 0.000000000000000000e+00 0.000000000000000000e+00
1.749060206153450489e+09 5.249884000000000378e+04 5.250000000000000000e+04 0.000000000000000000e+00 1.749060206364925861e+09 7.150000781249995896e+01 7.150000000000000000e+01 0.000000000000000000e+00 1.749060206384394646e+09 0.000000000000000000e+00 0.000000000000000000e+00 0.000000000000000000e+00
1.749060206247098923e+09 5.249884000000000378e+04 5.250000000000000000e+04 0.000000000000000000e+00 1.749060206457625866e+09 7.150000781249995896e+01 7.150000000000000000e+01 0.000000000000000000e+00 1.749060206475894690e+09 0.000000000000000000e+00 0.000000000000000000e+00 0.000000000000000000e+00
1.749060206338832855e+09 5.250271999999999389e+04 5.250000000000000000e+04 0.000000000000000000e+00 1.749060206534625769e+09 7.150000781249995896e+01 7.150000000000000000e+01 0.000000000000000000e+00 1.749060206553594589e+09 0.000000000000000000e+00 0.000000000000000000e+00 0.000000000000000000e+00
1.749060206416568995e+09 5.249494000000000233e+04 5.250000000000000000e+04 0.000000000000000000e+00 1.749060206628425837e+09 7.150000781249995896e+01 7.150000000000000000e+01 0.000000000000000000e+00 1.749060206647394657e+09 0.000000000000000000e+00 0.000000000000000000e+00 0.000000000000000000e+00
1.749060206510289907e+09 5.249884000000000378e+04 5.250000000000000000e+04 0.000000000000000000e+00 1.749060206722125769e+09 7.150000781249995896e+01 7.150000000000000000e+01 0.000000000000000000e+00 1.749060206741594553e+09 0.000000000000000000e+00 0.000000000000000000e+00 0.000000000000000000e+00
1.749060206604952335e+09 5.249494000000000233e+04 5.250000000000000000e+04 0.000000000000000000e+00 1.749060206815225840e+09 7.150000781249995896e+01 7.150000000000000000e+01 0.000000000000000000e+00 1.749060206834894657e+09 0.000000000000000000e+00 0.000000000000000000e+00 0.000000000000000000e+00
1.749060206697641134e+09 5.250271999999999389e+04 5.250000000000000000e+04 0.000000000000000000e+00 1.749060206909425735e+09 7.150000781249995896e+01 7.150000000000000000e+01 0.000000000000000000e+00 1.749060206928294659e+09 0.000000000000000000e+00 0.000000000000000000e+00 0.000000000000000000e+00
1.749060206791318893e+09 5.249884000000000378e+04 5.250000000000000000e+04 0.000000000000000000e+00 1.749060207002225876e+09 7.150000781249995896e+01 7.150000000000000000e+01 0.000000000000000000e+00 1.749060207022494555e+09 0.000000000000000000e+00 0.000000000000000000e+00 0.000000000000000000e+00
1.749060206886022091e+09 5.249104000000000087e+04 5.250000000000000000e+04 0.000000000000000000e+00 1.749060207095525742e+09 7.150000781249995896e+01 7.150000000000000000e+01 0.000000000000000000e+00 1.749060207113894463e+09 0.000000000000000000e+00 0.000000000000000000e+00 0.000000000000000000e+00
1.749060206977366924e+09 5.249494000000000233e+04 5.250000000000000000e+04 0.000000000000000000e+00 1.749060207187925816e+09 7.150000781249995896e+01 7.150000000000000000e+01 0.000000000000000000e+00 1.749060207208194494e+09 0.000000000000000000e+00 0.000000000000000000e+00 0.000000000000000000e+00
1.749060207071435452e+09 5.248716000000000349e+04 5.250000000000000000e+04 0.000000000000000000e+00 1.749060207283125877e+09 7.150000781249995896e+01 7.150000000000000000e+01 0.000000000000000000e+00 1.749060207303094625e+09 0.000000000000000000e+00 0.000000000000000000e+00 0.000000000000000000e+00
1.749060207166189671e+09 5.248716000000000349e+04 5.250000000000000000e+04 0.000000000000000000e+00 1.749060207375325918e+09 7.150000781249995896e+01 7.150000000000000000e+01 0.000000000000000000e+00 1.749060207395294666e+09 0.000000000000000000e+00 0.000000000000000000e+00 0.000000000000000000e+00
1.749060207258877277e+09 5.250271999999999389e+04 5.250000000000000000e+04 0.000000000000000000e+00 1.749060207467825890e+09 7.150000781249995896e+01 7.150000000000000000e+01 0.000000000000000000e+00 1.749060207486894608e+09 0.000000000000000000e+00 0.000000000000000000e+00 0.000000000000000000e+00
1.749060207349614143e+09 5.250659999999999854e+04 5.250000000000000000e+04 0.000000000000000000e+00 1.749060207544725895e+09 7.150000781249995896e+01 7.150000000000000000e+01 0.000000000000000000e+00 1.749060207564594507e+09 0.000000000000000000e+00 0.000000000000000000e+00 0.000000000000000000e+00
1.749060207427357197e+09 5.250271999999999389e+04 5.250000000000000000e+04 0.000000000000000000e+00 1.749060207639225721e+09 7.150000781249995896e+01 7.150000000000000000e+01 0.000000000000000000e+00 1.749060207658094645e+09 0.000000000000000000e+00 0.000000000000000000e+00 0.000000000000000000e+00
1.749060207521111250e+09 5.249494000000000233e+04 5.250000000000000000e+04 0.000000000000000000e+00 1.749060207716425896e+09 7.150000781249995896e+01 7.150000000000000000e+01 0.000000000000000000e+00 1.749060207735994577e+09 0.000000000000000000e+00 0.000000000000000000e+00 0.000000000000000000e+00
1.749060207598777056e+09 5.249494000000000233e+04 5.250000000000000000e+04 0.000000000000000000e+00 1.749060207810725927e+09 7.150000781249995896e+01 7.150000000000000000e+01 0.000000000000000000e+00 1.749060207829494476e+09 0.000000000000000000e+00 0.000000000000000000e+00 0.000000000000000000e+00
1.749060207692536592e+09 5.249884000000000378e+04 5.250000000000000000e+04 0.000000000000000000e+00 1.749060207903625727e+09 7.150000781249995896e+01 7.150000000000000000e+01 0.000000000000000000e+00 1.749060207923294544e+09 0.000000000000000000e+00 0.000000000000000000e+00 0.000000000000000000e+00
1.749060207786137342e+09 5.248716000000000349e+04 5.250000000000000000e+04 0.000000000000000000e+00 1.749060207997525930e+09 7.150000781249995896e+01 7.150000000000000000e+01 0.000000000000000000e+00 1.749060208016794682e+09 0.000000000000000000e+00 0.000000000000000000e+00 0.000000000000000000e+00
1.749060207879862070e+09 5.250271999999999389e+04 5.250000000000000000e+04 0.000000000000000000e+00 1.749060208089325905e+09 7.150000781249995896e+01 7.150000000000000000e+01 0.000000000000000000e+00 1.749060208108494520e+09 0.000000000000000000e+00 0.000000000000000000e+00 0.000000000000000000e+00
1.749060207971572399e+09 5.249884000000000378e+04 5.250000000000000000e+04 0.000000000000000000e+00 1.749060208184225798e+09 7.150000781249995896e+01 7.150000000000000000e+01 0.000000000000000000e+00 1.749060208204194546e+09 0.000000000000000000e+00 0.000000000000000000e+00 0.000000000000000000e+00
1.749060208067302465e+09 5.249494000000000233e+04 5.250000000000000000e+04 0.000000000000000000e+00 1.749060208279225826e+09 7.150000781249995896e+01 7.150000000000000000e+01 0.000000000000000000e+00 1.749060208297794580e+09 0.000000000000000000e+00 0.000000000000000000e+00 0.000000000000000000e+00
1.749060208161046267e+09 5.249494000000000233e+04 5.250000000000000000e+04 0.000000000000000000e+00 1.749060208358525753e+09 7.150000781249995896e+01 7.150000000000000000e+01 0.000000000000000000e+00 1.749060208378094673e+09 0.000000000000000000e+00 0.000000000000000000e+00 0.000000000000000000e+00
