# Objective(nm), Linear(mm), Rotary (turns) for each: time(sec), position, target, is-moving(bool)
1.749060208244904995e+09 5.250271999999999389e+04 5.250000000000000000e+04 0.000000000000000000e+00 1.749060208451625824e+09 7.150000781249995896e+01 7.150000000000000000e+01 0.000000000000000000e+00 1.749060208471794605e+09 0.000000000000000000e+00 0.000000000000000000e+00 0.000000000000000000e+00
1.749060208334483862e+09 5.250271999999999389e+04 5.250000000000000000e+04 0.000000000000000000e+00 1.749060208544825792e+09 7.150000781249995896e+01 7.150000000000000000e+01 0.000000000000000000e+00 1.749060208563094616e+09 0.000000000000000000e+00 0.000000000000000000e+00 0.000000000000000000e+00
1.749060208426123619e+09 5.251050000000000000e+04 5.250000000000000000e+04 0.000000000000000000e+00 1.749060208623225927e+09 7.150000781249995896e+01 7.150000000000000000e+01 0.000000000000000000e+00 1.749060208642894506e+09 0.000000000000000000e+00 0.000000000000000000e+00 0.000000000000000000e+00
1.749060208505892515e+09 5.249494000000000233e+04 5.250000000000000000e+04 0.000000000000000000e+00 1.749060208715925932e+09 7.150000781249995896e+01 7.150000000000000000e+01 0.000000000000000000e+00 1.749060208734494686e+09 0.000000000000000000e+00 0.000000000000000000e+00 0.000000000000000000e+00
1.749060208597496510e+09 5.250271999999999389e+04 5.250000000000000000e+04 0.000000000000000000e+00 1.749060208807925701e+09 7.150000781249995896e+01 7.150000000000000000e+01 0.000000000000000000e+00 1.749060208826294661e+09 0.000000000000000000e+00 0.000000000000000000e+00 0.000000000000000000e+00
1.749060208689282417e+09 5.249884000000000378e+04 5.250000000000000000e+04 0.000000000000000000e+00 1.749060208885625839e+09 7.150000781249995896e+01 7.150000000000000000e+01 0.000000000000000000e+00 1.749060208903894663e+09 0.000000000000000000e+00 0.000000000000000000e+00 0.000000000000000000e+00
1.749060208767010450e+09 5.250271999999999389e+04 5.250000000000000000e+04 0.000000000000000000e+00 1.749060208978325844e+09 7.150000781249995896e+01 7.150000000000000000e+01 0.000000000000000000e+00 1.749060208997794628e+09 0.000000000000000000e+00 0.000000000000000000e+00 0.000000000000000000e+00
1.749060208860718250e+09 5.250271999999999389e+04 5.250000000000000000e+04 0.000000000000000000e+00 1.749060209072625875e+09 7.150000781249995896e+01 7.150000000000000000e+01 0.000000000000000000e+00 1.749060209091394663e+09 0.000000000000000000e+00 0.000000000000000000e+00 0.000000000000000000e+00
1.749060208954414845e+09 5.249884000000000378e+04 5.250000000000000000e+04 0.000000000000000000e+00 1.749060209165525913e+09 7.150000781249995896e+01 7.150000000000000000e+01 0.000000000000000000e+00 1.749060209185194492e+09 0.000000000000000000e+00 0.000000000000000000e+00 0.000000000000000000e+00
1.749060209048161507e+09 5.250271999999999389e+04 5.250000000000000000e+04 0.000000000000000000e+00 1.749060209259325743e+09 7.150000781249995896e+01 7.150000000000000000e+01 0.000000000000000000e+00 1.749060209278794527e+09 0.000000000000000000e+00 0.000000000000000000e+00 0.000000000000000000e+00
1.749060209141768217e+09 5.250271999999999389e+04 5.250000000000000000e+04 0.000000000000000000e+00 1.749060209352325916e+09 7.150000781249995896e+01 7.150000000000000000e+01 0.000000000000000000e+00 1.749060209372194529e+09 0.000000000000000000e+00 0.000000000000000000e+00 0.000000000000000000e+00
1.749060209235608101e+09 5.250271999999999389e+04 5.250000000000000000e+04 0.000000000000000000e+00 1.749060209445525885e+09 7.150000781249995896e+01 7.150000000000000000e+01 0.000000000000000000e+00 1.749060209464194536e+09 0.000000000000000000e+00 0.000000000000000000e+00 0.000000000000000000e+00
1.749060209327220440e+09 5.250271999999999389e+04 5.250000000000000000e+04 0.000000000000000000e+00 1.749060209539425850e+09 7.150000781249995896e+01 7.150000000000000000e+01 0.000000000000000000e+00 1.749060209557894468e+09 0.000000000000000000e+00 0.000000000000000000e+00 0.000000000000000000e+00
1.749060209421072245e+09 5.249884000000000378e+04 5.250000000000000000e+04 0.000000000000000000e+00 1.749060209633125782e+09 7.150000781249995896e+01 7.150000000000000000e+01 0.000000000000000000e+00 1.749060209651394606e+09 0.000000000000000000e+00 0.000000000000000000e+00 0.000000000000000000e+00
1.749060209514695883e+09 5.249884000000000378e+04 5.250000000000000000e+04 0.000000000000000000e+00 1.749060209725225925e+09 7.150000781249995896e+01 7.150000000000000000e+01 0.000000000000000000e+00 1.749060209745394468e+09 0.000000000000000000e+00 0.000000000000000000e+00 0.000000000000000000e+00
1.749060209608345747e+09 5.250271999999999389e+04 5.250000000000000000e+04 0.000000000000000000e+00 1.749060209820425749e+09 7.150000781249995896e+01 7.150000000000000000e+01 0.000000000000000000e+00 1.749060209839094639e+09 0.000000000000000000e+00 0.000000000000000000e+00 0.000000000000000000e+00
1.749060209702221155e+09 5.249884000000000378e+04 5.250000000000000000e+04 0.000000000000000000e+00 1.749060209913625717e+09 7.150000781249995896e+01 7.150000000000000000e+01 0.000000000000000000e+00 1.749060209932994604e+09 0.000000000000000000e+00 0.000000000000000000e+00 0.000000000000000000e+00
1.749060209795701981e+09 5.249104000000000087e+04 5.250000000000000000e+04 0.000000000000000000e+00 1.749060210007525921e+09 7.150000781249995896e+01 7.150000000000000000e+01 0.000000000000000000e+00 1.749060210026094675e+09 0.000000000000000000e+00 0.000000000000000000e+00 0.000000000000000000e+00
1.749060209889443159e+09 5.250271999999999389e+04 5.250000000000000000e+04 0.000000000000000000e+00 1.749060210085725784e+09 7.150000781249995896e+01 7.150000000000000000e+01 0.000000000000000000e+00 1.749060210104194641e+09 0.000000000000000000e+00 0.000000000000000000e+00 0.000000000000000000e+00
1.749060209967259884e+09 5.249494000000000233e+04 5.250000000000000000e+04 0.000000000000000000e+00 1.749060210164825916e+09 7.150000781249995896e+01 7.150000000000000000e+01 0.000000000000000000e+00 1.749060210183794498e+09 0.000000000000000000e+00 0.000000000000000000e+00 0.000000000000000000e+00
1.749060210047022104e+09 5.250659999999999854e+04 5.250000000000000000e+04 0.000000000000000000e+00 1.749060210257225752e+09 7.150000781249995896e+01 7.150000000000000000e+01 0.000000000000000000e+00 1.749060210275694609e+09 0.000000000000000000e+00 0.000000000000000000e+00 0.000000000000000000e+00
1.749060210138722897e+09 5.249494000000000233e+04 5.250000000000000000e+04 0.000000000000000000e+00 1.749060210348725796e+09 7.150000781249995896e+01 7.150000000000000000e+01 0.000000000000000000e+00 1.749060210367394686e+09 0.000000000000000000e+00 0.000000000000000000e+00 0.000000000000000000e+00
1.749060210230372667e+09 5.249494000000000233e+04 5.250000000000000000e+04 0.000000000000000000e+00 1.749060210442925930e+09 7.150000781249995896e+01 7.150000000000000000e+01 0.000000000000000000e+00 1.749060210463294506e+09 0.000000000000000000e+00 0.000000000000000000e+00 0.000000000000000000e+00
1.749060210326035261e+09 5.250271999999999389e+04 5.250000000000000000e+04 0.000000000000000000e+00 1.749060210536625862e+09 7.150000781249995896e+01 7.150000000000000000e+01 0.000000000000000000e+00 1.749060210556594610e+09 0.000000000000000000e+00 0.000000000000000000e+00 0.000000000000000000e+00
1.749060210419769049e+09 5.250271999999999389e+04 5.250000000000000000e+04 0.000000000000000000e+00 1.749060210630325794e+09 7.150000781249995896e+01 7.150000000000000000e+01 0.000000000000000000e+00 1.749060210650294542e+09 0.000000000000000000e+00 0.000000000000000000e+00 0.000000000000000000e+00
1.749060210513418436e+09 5.250271999999999389e+04 5.250000000000000000e+04 0.000000000000000000e+00 1.749060210725225925e+09 7.150000781249995896e+01 7.150000000000000000e+01 0.000000000000000000e+00 1.749060210743994474e+09 0.000000000000000000e+00 0.000000000000000000e+00 0.000000000000000000e+00
1.749060210607083321e+09 5.249884000000000378e+04 5.250000000000000000e+04 0.000000000000000000e+00 1.749060210818525791e+09 7.150000781249995896e+01 7.150000000000000000e+01 0.000000000000000000e+00 1.749060210837694645e+09 0.000000000000000000e+00 0.000000000000000000e+00 0.000000000000000000e+00
1.749060210700834274e+09 5.250271999999999389e+04 5.250000000000000000e+04 0.000000000000000000e+00 1.749060210910125732e+09 7.150000781249995896e+01 7.150000000000000000e+01 0.000000000000000000e+00 1.749060210929394484e+09 0.000000000000000000e+00 0.000000000000000000e+00 0.000000000000000000e+00
1.749060210791991234e+09 5.249884000000000378e+04 5.250000000000000000e+04 0.000000000000000000e+00 1.749060211004025698e+09 7.150000781249995896e+01 7.150000000000000000e+01 0.000000000000000000e+00 1.749060211023494482e+09 0.000000000000000000e+00 0.000000000000000000e+00 0.000000000000000000e+00
1.749060210886177301e+09 5.249104000000000087e+04 5.250000000000000000e+04 0.000000000000000000e+00 1.749060211096925735e+09 7.150000781249995896e+01 7.150000000000000000e+01 0.000000000000000000e+00 1.749060211116694689e+09 0.000000000000000000e+00 0.000000000000000000e+00 0.000000000000000000e+00
1.749060210979883671e+09 5.249104000000000087e+04 5.250000000000000000e+04 0.000000000000000000e+00 1.749060211189425707e+09 7.150000781249995896e+01 7.150000000000000000e+01 0.000000000000000000e+00 1.749060211208394527e+09 0.000000000000000000e+00 0.000000000000000000e+00 0.000000000000000000e+00
1.749060211071745396e+09 5.249494000000000233e+04 5.250000000000000000e+04 0.000000000000000000e+00 1.749060211283525705e+09 7.150000781249995896e+01 7.150000000000000000e+01 0.000000000000000000e+00 1.749060211302194595e+09 0.000000000000000000e+00 0.000000000000000000e+00 0.000000000000000000e+00
1.749060211165271282e+09 5.249884000000000378e+04 5.250000000000000000e+04 0.000000000000000000e+00 1.749060211376125813e+09 7.150000781249995896e+01 7.150000000000000000e+01 0.000000000000000000e+00 1.749060211396794558e+09 0.000000000000000000e+00 0.000000000000000000e+00 0.000000000000000000e+00
1.749060211260125637e+09 5.250271999999999389e+04 5.250000000000000000e+04 0.000000000000000000e+00 1.749060211468925714e+09 7.150000781249995896e+01 7.150000000000000000e+01 0.000000000000000000e+00 1.749060211487994671e+09 0.000000000000000000e+00 0.000000000000000000e+00 0.000000000000000000e+00
1.749060211350722790e+09 5.249884000000000378e+04 5.250000000000000000e+04 0.000000000000000000e+00 1.749060211547525883e+09 7.150000781249995896e+01 7.150000000000000000e+01 0.000000000000000000e+00 1.749060211567194462e+09 0.000000000000000000e+00 0.000000000000000000e+00 0.000000000000000000e+00
1.749060211430496216e+09 5.250271999999999389e+04 5.250000000000000000e+04 0.000000000000000000e+00 1.749060211641925812e+09 7.150000781249995896e+01 7.150000000000000000e+01 0.000000000000000000e+00 1.749060211660994530e+09 0.000000000000000000e+00 0.000000000000000000e+00 0.000000000000000000e+00
1.749060211524194479e+09 5.251050000000000000e+04 5.250000000000000000e+04 0.000000000000000000e+00 1.749060211735025883e+09 7.150000781249995896e+01 7.150000000000000000e+01 0.000000000000000000e+00 1.749060211754594564e+09 0.000000000000000000e+00 0.000000000000000000e+00 0.000000000000000000e+00
1.749060211618638039e+09 5.249494000000000233e+04 5.250000000000000000e+04 0.000000000000000000e+00 1.749060211827925920e+09 7.150000781249995896e+01 7.150000000000000000e+01 0.000000000000000000e+00 1.749060211846694469e+09 0.000000000000000000e+00 0.000000000000000000e+00 0.000000000000000000e+00
1.749060211709661961e+09 5.249884000000000378e+04 5.250000000000000000e+04 0.000000000000000000e+00 1.749060211906625748e+09 7.150000781249995896e+01 7.150000000000000000e+01 0.000000000000000000e+00 1.749060211926194668e+09 0.000000000000000000e+00 0.000000000000000000e+00 0.000000000000000000e+00
1.749060211789376020e+09 5.250659999999999854e+04 5.250000000000000000e+04 0.000000000000000000e+00 1.749060211998825788e+09 7.150000781249995896e+01 7.150000000000000000e+01 0.000000000000000000e+00 1.749060212017794609e+09 0.000000000000000000e+00 0.000000000000000000e+00 0.000000000000000000e+00
1.749060211881029367e+09 5.249884000000000378e+04 5.250000000000000000e+04 0.000000000000000000e+00 1.749060212093125820e+09 7.150000781249995896e+01 7.150000000000000000e+01 0.000000000000000000e+00 1.749060212111294508e+09 0.000000000000000000e+00 0.000000000000000000e+00 0.000000000000000000e+00
1.749060211974797487e+09 5.249884000000000378e+04 5.250000000000000000e+04 0.000000000000000000e+00 1.749060212185825825e+09 7.150000781249995896e+01 7.150000000000000000e+01 0.000000000000000000e+00 1.749060212205194473e+09 0.000000000000000000e+00 0.000000000000000000e+00 0.000000000000000000e+00
1.749060212068573236e+09 5.249494000000000233e+04 5.250000000000000000e+04 0.000000000000000000e+00 1.749060212279225826e+09 7.150000781249995896e+01 7.150000000000000000e+01 0.000000000000000000e+00 1.749060212299394608e+09 0.000000000000000000e+00 0.000000000000000000e+00 0.000000000000000000e+00
1.749060212162331820e+09 5.250271999999999389e+04 5.250000000000000000e+04 0.000000000000000000e+00 1.749060212373725891e+09 7.150000781249995896e+01 7.150000000000000000e+01 0.000000000000000000e+00 1.749060212393094540e+09 0.000000000000000000e+00 0.000000000000000000e+00 0.000000000000000000e+00
1.749060212255873442e+09 5.250271999999999389e+04 5.250000000000000000e+04 0.000000000000000000e+00 1.749060212466825724e+09 7.150000781249995896e+01 7.150000000000000000e+01 0.000000000000000000e+00 1.749060212486294508e+09 0.000000000000000000e+00 0.000000000000000000e+00 0.000000000000000000e+00
1.749060212349581718e+09 5.250271999999999389e+04 5.250000000000000000e+04 0.000000000000000000e+00 1.749060212559825897e+09 7.150000781249995896e+01 7.150000000000000000e+01 0.000000000000000000e+00 1.749060212577994585e+09 0.000000000000000000e+00 0.000000000000000000e+00 0.000000000000000000e+00
1.749060212441300154e+09 5.249884000000000378e+04 5.250000000000000000e+04 0.000000000000000000e+00 1.749060212652425766e+09 7.150000781249995896e+01 7.150000000000000000e+01 0.000000000000000000e+00 1.749060212671794653e+09 0.000000000000000000e+00 0.000000000000000000e+00 0.000000000000000000e+00
1.749060212535028696e+09 5.250271999999999389e+04 5.250000000000000000e+04 0.000000000000000000e+00 1.749060212744925737e+09 7.150000781249995896e+01 7.150000000000000000e+01 0.000000000000000000e+00 1.749060212763694525e+09 0.000000000000000000e+00 0.000000000000000000e+00 0.000000000000000000e+00
1.749060212626775265e+09 5.249494000000000233e+04 5.250000000000000000e+04 0.000000000000000000e+00 1.749060212824225903e+09 7.150000781249995896e+01 7.150000000000000000e+01 0.000000000000000000e+00 1.749060212843294621e+09 0.000000000000000000e+00 0.000000000000000000e+00 0.000000000000000000e+00
1.749060212706468582e+09 5.249884000000000378e+04 5.250000000000000000e+04 0.000000000000000000e+00 1.749060212918125868e+09 7.150000781249995896e+01 7.150000000000000000e+01 0.000000000000000000e+00 1.749060212937194586e+09 0.000000000000000000e+00 0.000000000000000000e+00 0.000000000000000000e+00
1.749060212800159931e+09 5.250271999999999389e+04 5.250000000000000000e+04 0.000000000000000000e+00 1.749060213010325909e+09 7.150000781249995896e+01 7.150000000000000000e+01 0.000000000000000000e+00 1.749060213028694630e+09 0.000000000000000000e+00 0.000000000000000000e+00 0.000000000000000000e+00
1.749060212892405510e+09 5.251050000000000000e+04 5.250000000000000000e+04 0.000000000000000000e+00 1.749060213102225780e+09 7.150000781249995896e+01 7.150000000000000000e+01 0.000000000000000000e+00 1.749060213122294664e+09 0.000000000000000000e+00 0.000000000000000000e+00 0.000000000000000000e+00
1.749060212985558748e+09 5.250659999999999854e+04 5.250000000000000000e+04 0.000000000000000000e+00 1.749060213194525719e+09 7.150000781249995896e+01 7.150000000000000000e+01 0.000000000000000000e+00 1.749060213215294600e+09 0.000000000000000000e+00 0.000000000000000000e+00 0.000000000000000000e+00
1.749060213078303814e+09 5.250659999999999854e+04 5.250000000000000000e+04 0.000000000000000000e+00 1.749060213289425850e+09 7.150000781249995896e+01 7.150000000000000000e+01 0.000000000000000000e+00 1.749060213308294535e+09 0.000000000000000000e+00 0.000000000000000000e+00 0.000000000000000000e+00
1.749060213171056986e+09 5.250659999999999854e+04 5.250000000000000000e+04 0.000000000000000000e+00 1.749060213382125854e+09 7.150000781249995896e+01 7.150000000000000000e+01 0.000000000000000000e+00 1.749060213401394606e+09 0.000000000000000000e+00 0.000000000000000000e+00 0.000000000000000000e+00
1.749060213264654398e+09 5.250271999999999389e+04 5.250000000000000000e+04 0.000000000000000000e+00 1.749060213476125717e+09 7.150000781249995896e+01 7.150000000000000000e+01 0.000000000000000000e+00 1.749060213495194674e+09 0.000000000000000000e+00 0.000000000000000000e+00 0.000000000000000000e+00
1.749060213358394384e+09 5.250271999999999389e+04 5.250000000000000000e+04 0.000000000000000000e+00 1.749060213570725918e+09 7.150000781249995896e+01 7.150000000000000000e+01 0.000000000000000000e+00 1.749060213590594530e+09 0.000000000000000000e+00 0.000000000000000000e+00 0.000000000000000000e+00
1.749060213454086304e+09 5.250271999999999389e+04 5.250000000000000000e+04 0.000000000000000000e+00 1.749060213663325787e+09 7.150000781249995896e+01 7.150000000000000000e+01 0.000000000000000000e+00 1.749060213682494640e+09 0.000000000000000000e+00 0.000000000000000000e+00 0.000000000000000000e+00
1.749060213545863628e+09 5.250659999999999854e+04 5.250000000000000000e+04 0.000000000000000000e+00 1.749060213756125927e+09 7.150000781249995896e+01 7.150000000000000000e+01 0.000000000000000000e+00 1.749060213776994467e+09 0.000000000000000000e+00 0.000000000000000000e+00 0.000000000000000000e+00
1.749060213641256809e+09 5.249494000000000233e+04 5.250000000000000000e+04 0.000000000000000000e+00 1.749060213847825766e+09 7.150000781249995896e+01 7.150000000000000000e+01 0.000000000000000000e+00 1.749060213867794514e+09 0.000000000000000000e+00 0.000000000000000000e+00 0.000000000000000000e+00
1.749060213731237411e+09 5.249884000000000378e+04 5.250000000000000000e+04 0.000000000000000000e+00 1.749060213941125870e+09 7.150000781249995896e+01 7.150000000000000000e+01 0.000000000000000000e+00 1.749060213960094452e+09 0.000000000000000000e+00 0.000000000000000000e+00 0.000000000000000000e+00
1.749060213822875500e+09 5.249884000000000378e+04 5.250000000000000000e+04 0.000000000000000000e+00 1.749060214033825874e+09 7.150000781249995896e+01 7.150000000000000000e+01 0.000000000000000000e+00 1.749060214053294659e+09 0.000000000000000000e+00 0.000000000000000000e+00 0.000000000000000000e+00
1.749060213916610241e+09 5.249494000000000233e+04 5.250000000000000000e+04 0.000000000000000000e+00 1.749060214128525734e+09 7.150000781249995896e+01 7.150000000000000000e+01 0.000000000000000000e+00 1.749060214146994591e+09 0.000000000000000000e+00 0.000000000000000000e+00 0.000000000000000000e+00
1.749060214010251284e+09 5.249494000000000233e+04 5.250000000000000000e+04 0.000000000000000000e+00 1.749060214221825838e+09 7.150000781249995896e+01 7.150000000000000000e+01 0.000000000000000000e+00 1.749060214240494490e+09 0.000000000000000000e+00 0.000000000000000000e+00 0.000000000000000000e+00
1.749060214104174614e+09 5.249884000000000378e+04 5.250000000000000000e+04 0.000000000000000000e+00 1.749060214314525843e+09 7.150000781249995896e+01 7.150000000000000000e+01 0.000000000000000000e+00 1.749060214334694624e+09 0.000000000000000000e+00 0.000000000000000000e+00 0.000000000000000000e+00
1.749060214197745562e+09 5.250271999999999389e+04 5.250000000000000000e+04 0.000000000000000000e+00 1.749060214407525778e+09 7.150000781249995896e+01 7.150000000000000000e+01 0.000000000000000000e+00 1.749060214426594496e+09 0.000000000000000000e+00 0.000000000000000000e+00 0.000000000000000000e+00
1.749060214289408445e+09 5.250271999999999389e+04 5.250000000000000000e+04 0.000000000000000000e+00 1.749060214498525858e+09 7.150000781249995896e+01 7.150000000000000000e+01 0.000000000000000000e+00 1.749060214517694473e+09 0.000000000000000000e+00 0.000000000000000000e+00 0.000000000000000000e+00
1.749060214381110668e+09 5.249884000000000378e+04 5.250000000000000000e+04 0.000000000000000000e+00 1.749060214591225863e+09 7.150000781249995896e+01 7.150000000000000000e+01 0.000000000000000000e+00 1.749060214609294653e+09 0.000000000000000000e+00 0.000000000000000000e+00 0.000000000000000000e+00
1.749060214472819090e+09 5.250271999999999389e+04 5.250000000000000000e+04 0.000000000000000000e+00 1.749060214669425726e+09 7.150000781249995896e+01 7.150000000000000000e+01 0.000000000000000000e+00 1.749060214689194679e+09 0.000000000000000000e+00 0.000000000000000000e+00 0.000000000000000000e+00
1.749060214552594185e+09 5.249104000000000087e+04 5.250000000000000000e+04 0.000000000000000000e+00 1.749060214761125803e+09 7.150000781249995896e+01 7.150000000000000000e+01 0.000000000000000000e+00 1.749060214780994654e+09 0.000000000000000000e+00 0.000000000000000000e+00 0.000000000000000000e+00
1.749060214644410133e+09 5.250271999999999389e+04 5.250000000000000000e+04 0.000000000000000000e+00 1.749060214854825735e+09 7.150000781249995896e+01 7.150000000000000000e+01 0.000000000000000000e+00 1.749060214874594688e+09 0.000000000000000000e+00 0.000000000000000000e+00 0.000000000000000000e+00
1.749060214737986326e+09 5.249884000000000378e+04 5.250000000000000000e+04 0.000000000000000000e+00 1.749060214949525833e+09 7.150000781249995896e+01 7.150000000000000000e+01 0.000000000000000000e+00 1.749060214968194485e+09 0.000000000000000000e+00 0.000000000000000000e+00 0.000000000000000000e+00
1.749060214831681252e+09 5.250271999999999389e+04 5.250000000000000000e+04 0.000000000000000000e+00 1.749060215042425871e+09 7.150000781249995896e+01 7.150000000000000000e+01 0.000000000000000000e+00 1.749060215062094688e+09 0.000000000000000000e+00 0.000000000000000000e+00 0.000000000000000000e+00
1.749060214925401926e+09 5.250271999999999389e+04 5.250000000000000000e+04 0.000000000000000000e+00 1.749060215135125875e+09 7.150000781249995896e+01 7.150000000000000000e+01 0.000000000000000000e+00 1.749060215154194593e+09 0.000000000000000000e+00 0.000000000000000000e+00 0.000000000000000000e+00
1.749060215017341375e+09 5.250271999999999389e+04 5.250000000000000000e+04 0.000000000000000000e+00 1.749060215229525805e+09 7.150000781249995896e+01 7.150000000000000000e+01 0.000000000000000000e+00 1.749060215249494553e+09 0.000000000000000000e+00 0.000000000000000000e+00 0.000000000000000000e+00
1.749060215112813711e+09 5.250271999999999389e+04 5.250000000000000000e+04 0.000000000000000000e+00 1.749060215324125767e+09 7.150000781249995896e+01 7.150000000000000000e+01 0.000000000000000000e+00 1.749060215343194485e+09 0.000000000000000000e+00 0.000000000000000000e+00 0.000000000000000000e+00
1.749060215206496239e+09 5.249884000000000378e+04 5.250000000000000000e+04 0.000000000000000000e+00 1.749060215418425798e+09 7.150000781249995896e+01 7.150000000000000000e+01 0.000000000000000000e+00 1.749060215436894655e+09 0.000000000000000000e+00 0.000000000000000000e+00 0.000000000000000000e+00
1.749060215300180435e+09 5.250271999999999389e+04 5.250000000000000000e+04 0.000000000000000000e+00 1.749060215511525869e+09 7.150000781249995896e+01 7.150000000000000000e+01 0.000000000000000000e+00 1.749060215530794621e+09 0.000000000000000000e+00 0.000000000000000000e+00 0.000000000000000000e+00
1.749060215393898010e+09 5.250659999999999854e+04 5.250000000000000000e+04 0.000000000000000000e+00 1.749060215604525805e+09 7.150000781249995896e+01 7.150000000000000000e+01 0.000000000000000000e+00 1.749060215623994589e+09 0.000000000000000000e+00 0.000000000000000000e+00 0.000000000000000000e+00
1.749060215485947371e+09 5.251050000000000000e+04 5.250000000000000000e+04 0.000000000000000000e+00 1.749060215697225809e+09 7.150000781249995896e+01 7.150000000000000000e+01 0.000000000000000000e+00 1.749060215715694666e+09 0.000000000000000000e+00 0.000000000000000000e+00 0.000000000000000000e+00
1.749060215578501225e+09 5.250271999999999389e+04 5.250000000000000000e+04 0.000000000000000000e+00 1.749060215776625872e+09 7.150000781249995896e+01 7.150000000000000000e+01 0.000000000000000000e+00 1.749060215795994520e+09 0.000000000000000000e+00 0.000000000000000000e+00 0.000000000000000000e+00
1.749060215658085108e+09 5.249494000000000233e+04 5.250000000000000000e+04 0.000000000000000000e+00 1.749060215869525909e+09 7.150000781249995896e+01 7.150000000000000000e+01 0.000000000000000000e+00 1.749060215889194489e+09 0.000000000000000000e+00 0.000000000000000000e+00 0.000000000000000000e+00
1.749060215751897573e+09 5.249884000000000378e+04 5.250000000000000000e+04 0.000000000000000000e+00 1.749060215962525845e+09 7.150000781249995896e+01 7.150000000000000000e+01 0.000000000000000000e+00 1.749060215981094599e+09 0.000000000000000000e+00 0.000000000000000000e+00 0.000000000000000000e+00
1.749060215844517231e+09 5.249884000000000378e+04 5.250000000000000000e+04 0.000000000000000000e+00 1.749060216057025909e+09 7.150000781249995896e+01 7.150000000000000000e+01 0.000000000000000000e+00 1.749060216076694489e+09 0.000000000000000000e+00 0.000000000000000000e+00 0.000000000000000000e+00
1.749060215940185308e+09 5.249104000000000087e+04 5.250000000000000000e+04 0.000000000000000000e+00 1.749060216150325775e+09 7.150000781249995896e+01 7.150000000000000000e+01 0.000000000000000000e+00 1.749060216170194626e+09 0.000000000000000000e+00 0.000000000000000000e+00 0.000000000000000000e+00
1.749060216033008575e+09 5.249494000000000233e+04 5.250000000000000000e+04 0.000000000000000000e+00 1.749060216244325876e+09 7.150000781249995896e+01 7.150000000000000000e+01 0.000000000000000000e+00 1.749060216264294624e+09 0.000000000000000000e+00 0.000000000000000000e+00 0.000000000000000000e+00
1.749060216127514839e+09 5.249494000000000233e+04 5.250000000000000000e+04 0.000000000000000000e+00 1.749060216337725878e+09 7.150000781249995896e+01 7.150000000000000000e+01 0.000000000000000000e+00 1.749060216358194590e+09 0.000000000000000000e+00 0.000000000000000000e+00 0.000000000000000000e+00
1.749060216221219063e+09 5.249884000000000378e+04 5.250000000000000000e+04 0.000000000000000000e+00 1.749060216430525780e+09 7.150000781249995896e+01 7.150000000000000000e+01 0.000000000000000000e+00 1.749060216449894667e+09 0.000000000000000000e+00 0.000000000000000000e+00 0.000000000000000000e+00
1.749060216313058853e+09 5.249104000000000087e+04 5.250000000000000000e+04 0.000000000000000000e+00 1.749060216524125814e+09 7.150000781249995896e+01 7.150000000000000000e+01 0.000000000000000000e+00 1.749060216542994499e+09 0.000000000000000000e+00 0.000000000000000000e+00 0.000000000000000000e+00
1.749060216405676842e+09 5.249494000000000233e+04 5.250000000000000000e+04 0.000000000000000000e+00 1.749060216618125916e+09 7.150000781249995896e+01 7.150000000000000000e+01 0.000000000000000000e+00 1.749060216637894630e+09 0.000000000000000000e+00 0.000000000000000000e+00 0.000000000000000000e+00
1.749060216501407385e+09 5.250271999999999389e+04 5.250000000000000000e+04 0.000000000000000000e+00 1.749060216712625742e+09 7.150000781249995896e+01 7.150000000000000000e+01 0.000000000000000000e+00 1.749060216732294559e+09 0.000000000000000000e+00 0.000000000000000000e+00 0.000000000000000000e+00
1.749060216595109463e+09 5.249884000000000378e+04 5.250000000000000000e+04 0.000000000000000000e+00 1.749060216805025816e+09 7.150000781249995896e+01 7.150000000000000000e+01 0.000000000000000000e+00 1.749060216824194670e+09 0.000000000000000000e+00 0.000000000000000000e+00 0.000000000000000000e+00
1.749060216686795235e+09 5.249884000000000378e+04 5.250000000000000000e+04 0.000000000000000000e+00 1.749060216898325920e+09 7.150000781249995896e+01 7.150000000000000000e+01 0.000000000000000000e+00 1.749060216918194532e+09 0.000000000000000000e+00 0.000000000000000000e+00 0.000000000000000000e+00
1.749060216781573057e+09 5.250271999999999389e+04 5.250000000000000000e+04 0.000000000000000000e+00 1.749060216992825747e+09 7.150000781249995896e+01 7.150000000000000000e+01 0.000000000000000000e+00 1.749060217011594534e+09 0.000000000000000000e+00 0.000000000000000000e+00 0.000000000000000000e+00
1.749060216874294519e+09 5.250271999999999389e+04 5.250000000000000000e+04 0.000000000000000000e+00 1.749060217070525885e+09 7.150000781249995896e+01 7.150000000000000000e+01 0.000000000000000000e+00 1.749060217089194536e+09 0.000000000000000000e+00 0.000000000000000000e+00 0.000000000000000000e+00
1.749060216952017069e+09 5.250271999999999389e+04 5.250000000000000000e+04 0.000000000000000000e+00 1.749060217164025784e+09 7.150000781249995896e+01 7.150000000000000000e+01 0.000000000000000000e+00 1.749060217182794571e+09 0.000000000000000000e+00 0.000000000000000000e+00 0.000000000000000000e+00
1.749060217045723438e+09 5.249884000000000378e+04 5.250000000000000000e+04 0.000000000000000000e+00 1.749060217257125854e+09 7.150000781249995896e+01 7.150000000000000000e+01 0.000000000000000000e+00 1.749060217276594639e+09 0.000000000000000000e+00 0.000000000000000000e+00 0.000000000000000000e+00
1.749060217139555216e+09 5.250659999999999854e+04 5.250000000000000000e+04 0.000000000000000000e+00 1.749060217350825787e+09 7.150000781249995896e+01 7.150000000000000000e+01 0.000000000000000000e+00 1.749060217370394468e+09 0.000000000000000000e+00 0.000000000000000000e+00 0.000000000000000000e+00
1.749060217233083487e+09 5.250659999999999854e+04 5.250000000000000000e+04 0.000000000000000000e+00 1.749060217443925858e+09 7.150000781249995896e+01 7.150000000000000000e+01 0.000000000000000000e+00 1.749060217464094639e+09 0.000000000000000000e+00 0.000000000000000000e+00 0.000000000000000000e+00
1.749060217326791286e+09 5.250271999999999389e+04 5.250000000000000000e+04 0.000000000000000000e+00 1.749060217537425756e+09 7.150000781249995896e+01 7.150000000000000000e+01 0.000000000000000000e+00 1.749060217555794477e+09 0.000000000000000000e+00 0.000000000000000000e+00 0.000000000000000000e+00
